-3.38638
-4.02836
-4.67504
-5.37365
-6.0201
-6.65522
-7.32033
-7.99899
-8.65827
-9.30691
-9.99615
-10.67853
-11.36859
-12.07583
-12.77048
-13.33278
-13.87021
-14.61633
-15.34671
-16.02711
-16.71844
-17.35183
-18.18943
-19.06033
-19.69135
-19.83196
-20.58239
-21.40074
-21.99102
-22.66476
-23.40732
-24.19131
-24.94425
-25.70618
-26.0062
-26.6665
-27.69374
-28.12198
-28.74268
-29.66553
-30.48082
-24.93808
-25.1555
-26.32244
-26.87268
-27.41103
-28.90297
-24.96295
-29.4412
-30.45232
-24.59349
-25.08625
-26.29644
-26.67015
-27.25818
-28.38251
-29.2011
-29.72587
-30.99692
-25.00026
-25.06699
-21.35999
-22.34748
-26.12327
-22.71665
-22.0208
-23.37309
-24.44832
-21.39205
-24.52517
-25.12744
-25.66568
-26.70459
-30.59752
-28.87471
-28.31132
-29.64287
-31.83417
-30.48565
-26.74163
-22.50177
-20.97773
-16.99019
-17.80214
-23.27784
-25.49363
-22.19489
-25.4441
-23.02688
-21.58066
-17.63984
-13.34624
-13.49927
-12.02849
-11.95907
-13.12601
-11.47062
-7.32955
-12.25205
-13.75976
-14.9274
-14.61651
-15.96218
-17.13171
-16.6752
-17.81514
-18.99093
-19.09775
-20.3287
-21.14898
-21.19791
-21.69772
-22.48765
-23.1059
-23.75912
-24.41238
-24.63272
-19.52603
-19.32827
-20.31858
-21.04272
-21.70626
-22.48559
-23.46361
-23.79837
-24.77429
-25.95569
-25.58717
-26.61777
-28.00189
-27.77568
-28.24558
-28.10507
-28.33773
-24.32096
-23.73204
-18.60954
-19.19099
-20.32112
-15.43471
-16.87718
-17.61964
-12.33035
-13.56588
-14.70217
-9.46486
-8.72144
-9.36922
-8.23655
-8.23743
-2.90328
-2.94637
2.03383
1.23483
0.57559
-0.00664
-0.81069
-1.29491
-2.24134
-2.7931
-3.18907
-4.09188
-5.01549
-5.50942
-6.35515
-6.70816
-7.62011
-8.89725
-9.02484
-8.90977
-10.1036
-11.04504
-11.81581
-12.62529
-12.73065
-13.75626
-14.71435
-15.72578
-15.31996
-16.32621
-17.28562
-18.43342
-18.76535
-18.65646
-20.15998
-21.48461
-24.91229
-28.04758
-29.77285
-35.2076
-36.70993
-38.48386
-41.17052
-38.2986
-40.81772
-41.64541
-36.41514
-37.44697
-39.35407
-44.15695
-45.61472
-46.63977
-40.61338
-41.31329
-42.16673
-36.57352
-37.95245
-38.77568
-38.48648
-38.62068
-38.16626
-38.60497
-35.59145
-33.30752
-29.28947
-29.23462
-29.75325
-29.48273
-25.1783
-26.12547
-26.48392
-22.23717
-26.30006
-28.43644
-24.01114
-25.9188
-31.11488
-32.01328
-32.2226
-33.22113
-34.29657
-40.08078
-41.1034
-42.34096
-42.84531
-43.11241
-44.57969
-44.34468
-45.27852
-46.78445
-51.81926
-53.1405
-54.52194
-60.50035
-61.63781
-62.71907
-62.28023
-63.65858
-63.79822
-64.42678
-65.37126
-65.97345