0.53767
0.52468
0.53218
0.52878
0.51765
0.51919
0.52437
0.52418
0.51955
0.52526
0.5299
0.52822
0.52927
0.52252
0.50148
0.4714
0.5026
0.53214
0.52479
0.52545
0.51648
0.53279
0.55262
0.50959
0.36477
0.42585
0.49781
0.49333
0.47568
0.50629
0.52151
0.52293
0.50333
0.45046
0.41504
0.51832
0.51467
0.41633
0.53618
0.53868
0.53701
0.33454
0.47034
0.59064
0.37792
0.57575
0.6323
0.30866
0.36116
0.39358
0.12298
0.41727
0.5237
0.33198
0.56741
0.56195
0.52998
0.59051
0.64742
0.28224
0.5287
0.85498
0.05844
0.48208
0.65644
0.25862
0.58256
0.62273
0.36795
0.59216
0.79095
0.81587
0.21514
0.66688
0.66697
0.62513
0.60031
0.77601
0.54747
0.63511
0.70884
0.49995
0.67849
0.41199
0.47329
0.89925
0.5342
0.50585
0.8312
0.50008
0.61588
0.57291
0.60775
0.35867
0.79605
0.94387
0.86746
0.46216
0.28458
0.29076
0.35367
0.28159
0.38091
0.22143
0.19977
0.42302
0.28286
0.51919
0.55203
0.2214
0.35179
0.31402
0.56725
0.40128
0.51242
0.35855
0.49042
0.42418
0.2415
0.40025
0.49552
0.52116
0.56485
0.52387
0.53443
0.67536
0.50759
0.4887
0.81001
0.52484
0.57013
0.78447
0.85971
0.64846
0.58042
0.81568
0.69023
0.73222
0.75052
0.52402
0.54075
0.52502
0.64898
0.84524
0.78038
0.53136
0.77922
0.92434
0.97893
0.82805
0.80377
0.7124
0.70823
0.6039
0.58145
0.57947
0.48721
0.58809
0.50831
0.37107
0.50709
0.49089
0.39743
0.4385
0.3383
0.26621
0.47907
0.30314
0.0904
0.17013
0.40553
0.33851
0.23095
0.27041
0.25149
0.42975
0.33875
0.19164
0.07901
0.26956
0.38401
0.36168
0.20627
0.172
0.50384
0.20038
2.24032E-10
0.36292
1.38433E-4
0.24451
0.35662
0.42348
0.12253
0.11394
0.19936
0.0132
0.03563
0.32123
0.02989
0.25161
0.50985
0.3848
0.4091
0.49959
0.58691
0.57633
0.74005
0.68557
0.73037
0.90161
0.82139
0.85218
0.95375
0.68364
0.96876
0.79385
0.59955
0.64349
0.7021
0.36096
0.59057
0.6359
0.03397
0.51027
0.40947
0.26439
0.48166
0.52816
0.47979
0.65521
0.6018
0.43045
0.69305
0.66029
0.27928
0.67145
0.65621
0.23512
0.47693
0.28887
0.11566
0.35729
0.24886
0.21844
0.46325
0.18351
0.38237
0.39484
0.12869
0.45868
0.44452
0.40112