0.91036
0.86725
0.8926
0.88066
0.84531
0.85059
0.86709
0.86618
0.85148
0.86996
0.88512
0.87934
0.88273
0.86022
0.79629
0.71755
0.80128
0.89304
0.86835
0.87004
0.8418
0.8945
0.96536
0.81915
0.50454
0.61723
0.78706
0.77391
0.72826
0.81107
0.85757
0.86188
0.80139
0.66628
0.59494
0.84785
0.8351
0.59679
0.9065
0.91474
0.90807
0.48619
0.741
1.13322
0.55255
1.06917
1.35124
0.46317
0.52384
0.57643
0.25615
0.64765
0.90248
0.50066
1.04943
1.02769
0.91746
1.14175
1.44146
0.44755
0.93671
5.07407
0.201
0.80777
1.50401
0.43448
1.14101
1.31692
0.60084
1.17929
3.01124
3.60935
0.37409
1.56709
1.568
1.32481
1.20569
2.78974
1.00143
1.38442
1.88841
0.89908
1.67759
0.70999
0.82437
8.34007
0.99845
0.9035
3.82637
0.90444
1.33137
1.17329
1.3153
0.63667
2.94719
13.36719
4.83225
0.86898
0.51979
0.52518
0.62202
0.51024
0.66801
0.42344
0.39769
0.74682
0.50311
0.98101
1.08
0.41719
0.60552
0.54511
1.12948
0.69156
0.95097
0.61147
0.88763
0.749
0.45027
0.69969
0.91501
0.98737
1.12639
0.99061
1.02208
1.65734
0.9376
0.88715
3.24041
0.98162
1.13416
2.76738
4.71992
1.4868
1.18592
3.33717
1.78428
2.13274
2.32069
1.02368
1.06952
1.01992
1.55133
4.0445
2.71649
1.06676
2.72649
8.79744
34.61411
3.60077
3.15262
2.02485
2.02358
1.37971
1.28164
1.26974
0.96132
1.30295
1.01734
0.6941
1.01235
0.96422
0.74136
0.82766
0.62858
0.51438
0.92284
0.56691
0.28105
0.3816
0.7478
0.62059
0.45753
0.51213
0.48524
0.79092
0.61582
0.40167
0.26166
0.50621
0.692
0.64925
0.41758
0.37457
0.96428
0.40686
0.02902
0.63674
0.07155
0.44839
0.61235
0.736
0.29477
0.28723
0.38553
0.14228
0.18803
0.55663
0.17713
0.44925
0.93525
0.65053
0.70578
0.91295
1.20358
1.16995
2.19422
1.72503
2.10659
7.19925
3.46673
4.35796
19.06737
1.72359
29.45954
2.91085
1.28195
1.48891
1.88793
0.64364
1.2529
1.47478
0.19271
0.9726
0.7385
0.49292
0.89266
1.02368
0.88729
1.55837
1.2871
0.75867
1.78099
1.56715
0.49601
1.63129
1.53875
0.43571
0.85883
0.50695
0.28623
0.6047
0.44467
0.40021
0.80412
0.35711
0.63937
0.66012
0.29436
0.79328
0.76105
0.67211