6.75936
8.04481
9.34022
10.73851
12.03209
13.30301
14.63414
15.9921
17.31098
18.60881
19.98763
21.35267
22.73302
24.14763
25.5369
26.66137
27.73673
29.22948
30.69043
32.05115
33.43389
34.70083
36.37644
38.11788
39.37867
39.66046
41.16221
42.79876
43.97934
45.32741
46.81276
48.38074
49.88659
51.40993
52.0095
53.33098
55.38569
56.24162
57.48393
59.32932
60.96023
62.43951
62.87578
65.21032
66.30955
67.38745
70.37141
68.77248
71.44631
73.46903
74.315
75.30332
77.72434
78.47083
79.64795
81.89656
83.53388
84.58342
87.12586
87.6975
87.83226
86.70246
88.67221
89.94472
89.41515
88.02217
90.72757
92.87846
93.0485
93.03143
94.23725
95.31314
97.38924
98.89349
101.73115
100.60482
103.26772
101.36715
98.66987
97.46521
95.26823
92.22056
90.52835
92.15197
90.53757
88.68624
88.37128
88.5871
90.03583
87.14347
85.54468
83.24104
83.54742
80.6047
80.46624
82.80022
85.77281
83.77372
81.05199
84.06788
86.40329
85.78059
88.47183
90.81057
89.89752
92.17841
94.52944
94.74426
97.20551
98.84573
98.9436
99.94283
101.52289
102.7605
104.06652
105.37282
105.81374
108.16691
107.77013
109.75213
111.19951
112.52713
114.08622
116.04188
116.71063
118.66377
121.02561
120.2893
122.35117
125.11891
124.66533
125.60681
125.32563
125.79098
124.04015
122.86281
125.18277
126.34631
128.6072
131.40027
134.2859
135.76963
137.75749
140.22979
142.50163
144.59403
143.10584
144.402
142.13741
142.13853
144.037
144.12367
146.72851
148.32672
149.64446
150.81004
152.41818
153.38571
155.27897
156.3832
157.17421
158.97965
160.82661
161.81436
163.50633
164.21283
166.03711
168.59138
168.84578
168.61659
171.00436
172.88623
174.42725
176.047
176.25837
178.30778
180.22446
182.24665
181.43539
183.4476
185.36741
187.66256
188.32586
188.10899
191.11525
193.7656
194.33074
194.32523
191.48851
189.79536
192.79949
190.06369
189.15509
189.69268
188.44804
190.10217
192.20851
194.27305
191.80378
188.84322
191.7594
193.80927
194.32296
195.72267
197.43128
198.81027
201.56828
203.21444
202.63672
202.90471
201.99487
202.87422
203.12856
204.8452
203.09125
202.98219
204.02033
203.47863
201.15337
203.04813
203.76487
201.5533
203.3947
201.38655
198.8174
196.35017
194.17735
195.97283
196.39297
198.38778
200.53971
199.54115
201.58655
204.06217
205.07026
205.60389
208.53992
208.06953
209.93736
212.94824
210.45216
213.09376
215.85783
215.24812
217.52229
219.68567
218.80785
221.56423
221.84483
223.10186
224.98933
226.19487