0.07964
0.06995
0.0584
0.05165
0.04793
0.04297
0.03832
0.03513
0.033
0.03002
0.02751
0.02594
0.0243
0.02351
0.02404
0.02545
0.02179
0.01862
0.01828
0.01747
0.01733
0.01569
0.01394
0.01577
0.02474
0.0198
0.01499
0.01472
0.0152
0.01324
0.01215
0.01173
0.01225
0.01432
0.01574
0.01077
0.0106
0.01454
0.00936
0.00903
0.00887
0.01782
0.0115
0.00729
0.01465
0.00742
0.00568
0.0173
0.01422
0.01261
0.03027
0.01175
0.00821
0.01455
0.00681
0.00679
0.00745
0.00589
0.00455
0.0155
0.00732
0.00139
0.03434
0.00812
0.00447
0.01541
0.00573
0.00486
0.01085
0.00531
0.00205
0.00168
0.0159
0.00363
0.00365
0.0043
0.00463
0.00194
0.00543
0.00402
0.00302
0.00637
0.00349
0.00811
0.00663
6.38396E-4
0.00542
0.00579
0.00138
0.00585
0.00405
0.00469
0.00414
0.00855
0.00183
3.97089E-4
0.0011
0.00621
0.00999
0.00971
0.00807
0.00977
0.00734
0.0114
0.01208
0.00634
0.00926
0.00471
0.00421
0.01077
0.00736
0.0081
0.00386
0.00624
0.00449
0.0069
0.00471
0.0057
0.00943
0.00599
0.00453
0.00416
0.0036
0.00405
0.00389
0.00237
0.00414
0.00435
0.00118
0.00383
0.0033
0.00134
7.82075E-4
0.00246
0.00313
0.00111
0.00211
0.00175
0.00159
0.00366
0.00345
0.00359
0.0024
9.08558E-4
0.00134
0.00346
0.00135
4.13821E-4
1.04941E-4
0.001
0.00116
0.00179
0.00181
0.00263
0.00281
0.00281
0.00368
0.0027
0.00342
0.00498
0.00339
0.00353
0.00455
0.00404
0.00528
0.00641
0.00354
0.00571
0.01144
0.00838
0.00424
0.00506
0.00681
0.00604
0.00634
0.00385
0.00491
0.00746
0.01141
0.00585
0.00424
0.00448
0.00693
0.00769
0.00296
0.00694
0.09582
0.0043
0.03788
0.00591
0.00428
0.00353
0.00869
0.00896
0.00659
0.01774
0.0136
0.00456
0.01417
0.00548
0.00261
0.00372
0.00348
0.00267
0.00202
0.0021
0.00111
0.0014
0.00115
3.33717E-4
6.91146E-4
5.4682E-4
1.25613E-4
0.00139
8.21442E-5
8.2802E-4
0.00187
0.0016
0.00128
0.00372
0.0019
0.00163
0.01225
0.0024
0.00319
0.00474
0.00257
0.00223
0.00256
0.00145
0.00174
0.00289
0.00122
0.00138
0.00434
0.00131
0.00138
0.00487
0.00245
0.00413
0.00718
0.00337
0.00456
0.00496
0.00245
0.00549
0.00306
0.00294
0.00658
0.00243
0.00252
0.00284