2.11614
2.10644
2.10062
2.10696
2.10233
2.09676
2.0967
2.09851
2.09759
2.09554
2.09823
2.09987
2.10207
2.10559
2.10766
2.09861
2.08847
2.09488
2.09961
2.10051
2.10206
2.09982
2.11021
2.12182
2.119
2.08942
2.09417
2.10212
2.0982
2.09856
2.10214
2.10741
2.11102
2.11482
2.09891
2.09864
2.11314
2.10344
2.10157
2.11109
2.11626
1.89342
1.88204
1.90373
1.90379
1.90346
1.93395
1.79112
1.91544
1.92935
1.7369
1.73824
1.76028
1.75779
1.76137
1.77956
1.7889
1.79012
1.81083
1.64375
1.63554
1.53335
1.54967
1.6331
1.54256
1.51843
1.54251
1.55959
1.48293
1.54617
1.55213
1.55653
1.57154
1.64646
1.60234
1.58321
1.6031
1.63978
1.6053
1.52464
1.43626
1.40199
1.32183
1.33338
1.43103
1.46681
1.40194
1.45578
1.40804
1.37835
1.306
1.22911
1.22935
1.20227
1.19907
1.21631
1.18716
1.11842
1.19603
1.21804
1.23429
1.22724
1.24584
1.26141
1.25211
1.2669
1.28195
1.28101
1.29647
1.30573
1.30377
1.30825
1.31674
1.3227
1.32903
1.33526
1.33549
1.26376
1.25896
1.27004
1.27742
1.2839
1.29178
1.30209
1.30402
1.31406
1.32652
1.31945
1.32982
1.34438
1.33906
1.34227
1.33808
1.33841
1.28835
1.27936
1.2175
1.22272
1.23419
1.17664
1.19182
1.19888
1.13823
1.15106
1.16261
1.10399
1.09518
1.10158
1.08872
1.08815
1.03087
1.03113
0.97865
0.98712
0.99403
1.00007
1.0083
1.01317
1.02266
1.02807
1.03185
1.04062
1.04949
1.05404
1.06197
1.06503
1.07344
1.08525
1.08597
1.08439
1.09515
1.10342
1.11001
1.11689
1.11721
1.12594
1.13397
1.14239
1.13796
1.14622
1.15398
1.16332
1.16537
1.16354
1.17578
1.18635
1.21495
1.24074
1.25422
1.29908
1.31024
1.32357
1.34441
1.31876
1.33802
1.34315
1.29856
1.3055
1.31948
1.35671
1.36669
1.37311
1.32333
1.32732
1.33249
1.28701
1.29642
1.30142
1.29777
1.29741
1.29254
1.29454
1.27029
1.25179
1.2204
1.21899
1.22187
1.21886
1.18607
1.19221
1.19398
1.16215
1.19093
1.20554
1.17279
1.18571
1.22198
1.2274
1.22791
1.23396
1.24051
1.27988
1.28581
1.29318
1.29543
1.29603
1.30484
1.30198
1.30707
1.31598
1.34856
1.35599
1.36377
1.40203
1.40794
1.41344
1.40891
1.4163
1.41557
1.41801
1.42247
1.4247