0.28953
0.34743
0.40534
0.46324
0.52115
0.57905
0.63696
0.69487
0.75277
0.81068
0.86858
0.92649
0.98439
1.0423
1.1002
1.15811
1.21601
1.27392
1.33183
1.38973
1.44764
1.50554
1.56345
1.62135
1.67926
1.73716
1.79507
1.85297
1.91088
1.96879
2.02669
2.0846
2.1425
2.20041
2.25831
2.31622
2.37412
2.43203
2.48993
2.54784
2.60575
2.66365
2.72156
2.77946
2.83737
2.89527
2.95318
3.01108
3.06899
3.12689
3.1848
3.24271
3.30061
3.35852
3.41642
3.47433
3.53223
3.59014
3.64804
3.70595
3.76385
3.82176
3.87967
3.93757
3.99548
4.05338
4.11129
4.16919
4.2271
4.285
4.34291
4.40081
4.45872
4.51663
4.57453
4.63244
4.69034
4.74825
4.80615
4.86406
4.92196
4.97987
5.03777
5.09568
5.15359
5.21149
5.2694
5.3273
5.38521
5.44311
5.50102
5.55892
5.61683
5.67473
5.73264
5.79055
5.84845
5.90636
5.96426
6.02217
6.08007
6.13798
6.19588
6.25379
6.31169
6.3696
6.42751
6.48541
6.54332
6.60122
6.65913
6.71703
6.77494
6.83284
6.89075
6.94865
7.00656
7.06447
7.12237
7.18028
7.23818
7.29609
7.35399
7.4119
7.4698
7.52771
7.58561
7.64352
7.70143
7.75933
7.81724
7.87514
7.93305
7.99095
8.04886
8.10676
8.16467
8.22257
8.28048
8.33839
8.39629
8.4542
8.5121
8.57001
8.62791
8.68582
8.74372
8.80163
8.85953
8.91744
8.97535
9.03325
9.09116
9.14906
9.20697
9.26487
9.32278
9.38068
9.43859
9.49649
9.5544
9.61231
9.67021
9.72812
9.78602
9.84393
9.90183
9.95974
10.01764
10.07555
10.13345
10.19136
10.24927
10.30717
10.36508
10.42298
10.48089
10.53879
10.5967
10.6546
10.71251
10.77041
10.82832
10.88623
10.94413
11.00204
11.05994
11.11785
11.17575
11.23366
11.29156
11.34947
11.40738
11.46528
11.52319
11.58109
11.639
11.6969
11.75481
11.81271
11.87062
11.92852
11.98643
12.04434
12.10224
12.16015
12.21805
12.27596
12.33386
12.39177
12.44967
12.50758
12.56548
12.62339
12.6813
12.7392
12.79711
12.85501
12.91292
12.97082
13.02873
13.08663
13.14454
13.20244
13.26035
13.31826
13.37616
13.43407
13.49197
13.54988
13.60778
13.66569
13.72359
13.7815
13.8394
13.89731
13.95522
14.01312
14.07103
14.12893
14.18684
14.24474
14.30265
14.36055
14.41846
14.47636
14.53427
14.59218
14.65008
14.70799
14.76589
14.8238