0.30264
0.30552
0.3084
0.31128
0.31417
0.31705
0.31993
0.32281
0.3257
0.32858
0.33146
0.33434
0.33723
0.34011
0.34299
0.34587
0.34875
0.35164
0.35452
0.3574
0.36028
0.36317
0.36605
0.36893
0.37181
0.37469
0.37758
0.38046
0.38334
0.38622
0.38911
0.39199
0.39487
0.39775
0.40064
0.40352
0.4064
0.40928
0.41216
0.41505
0.41793
0.42081
0.42369
0.42658
0.42946
0.43234
0.43522
0.4381
0.44099
0.44387
0.44675
0.44963
0.45252
0.4554
0.45828
0.46116
0.46405
0.46693
0.46981
0.47269
0.47557
0.47846
0.48134
0.48422
0.4871
0.48999
0.49287
0.49575
0.49863
0.50151
0.5044
0.50728
0.51016
0.51304
0.51593
0.51881
0.52169
0.52457
0.52746
0.53034
0.53322
0.5361
0.53898
0.54187
0.54475
0.54763
0.55051
0.5534
0.55628
0.55916
0.56204
0.56492
0.56781
0.57069
0.57357
0.57645
0.57934
0.58222
0.5851
0.58798
0.59086
0.59375
0.59663
0.59951
0.60239
0.60528
0.60816
0.61104
0.61392
0.61681
0.61969
0.62257
0.62545
0.62833
0.63122
0.6341
0.63698
0.63986
0.64275
0.64563
0.64851
0.65139
0.65427
0.65716
0.66004
0.66292
0.6658
0.66869
0.67157
0.67445
0.67733
0.68022
0.6831
0.68598
0.68886
0.69174
0.69463
0.69751
0.70039
0.70327
0.70616
0.70904
0.71192
0.7148
0.71768
0.72057
0.72345
0.72633
0.72921
0.7321
0.73498
0.73786
0.74074
0.74363
0.74651
0.74939
0.75227
0.75515
0.75804
0.76092
0.7638
0.76668
0.76957
0.77245
0.77533
0.77821
0.78109
0.78398
0.78686
0.78974
0.79262
0.79551
0.79839
0.80127
0.80415
0.80704
0.80992
0.8128
0.81568
0.81856
0.82145
0.82433
0.82721
0.83009
0.83298
0.83586
0.83874
0.84162
0.8445
0.84739
0.85027
0.85315
0.85603
0.85892
0.8618
0.86468
0.86756
0.87044
0.87333
0.87621
0.87909
0.88197
0.88486
0.88774
0.89062
0.8935
0.89639
0.89927
0.90215
0.90503
0.90791
0.9108
0.91368
0.91656
0.91944
0.92233
0.92521
0.92809
0.93097
0.93385
0.93674
0.93962
0.9425
0.94538
0.94827
0.95115
0.95403
0.95691
0.9598
0.96268
0.96556
0.96844
0.97132
0.97421
0.97709
0.97997
0.98285
0.98574
0.98862
0.9915
0.99438
0.99726
1.00015
1.00303
1.00591
1.00879
1.01168
1.01456
1.01744
1.02032
1.02321
1.02609
1.02897
1.03185
1.03473
1.03762
1.0405
1.04338
1.04626
1.04915
1.05203
1.05491
1.05779
1.06067
1.06356
1.06644
1.06932
1.0722
1.07509
1.07797
1.08085
1.08373
1.08662
1.0895
1.09238
1.09526
1.09814
1.10103
1.10391
1.10679
1.10967
1.11256
1.11544
1.11832
1.1212
1.12408
1.12697
1.12985
1.13273
1.13561
1.1385
1.14138
1.14426
1.14714
1.15002
1.15291
1.15579
1.15867
1.16155
1.16444
1.16732
1.1702
1.17308
1.17597
1.17885
1.18173
1.18461
1.18749
1.19038
1.19326
1.19614
1.19902
1.20191
1.20479
1.20767
1.21055
1.21343
1.21632
1.2192
1.22208
1.22496
1.22785
1.23073
1.23361
1.23649
1.23938
1.24226
1.24514
1.24802
1.2509
1.25379
1.25667
1.25955
1.26243
1.26532
1.2682
1.27108
1.27396
1.27684
1.27973
1.28261
1.28549
1.28837
1.29126
1.29414
1.29702
1.2999
1.30279
1.30567
1.30855
1.31143
1.31431
1.3172
1.32008
1.32296
1.32584
1.32873
1.33161
1.33449
1.33737
1.34025
1.34314
1.34602
1.3489
1.35178
1.35467
1.35755
1.36043
1.36331
1.36619
1.36908
1.37196
1.37484
1.37772
1.38061
1.38349
1.38637
1.38925
1.39214
1.39502
1.3979
1.40078
1.40366
1.40655
1.40943
1.41231
1.41519
1.41808
1.42096
1.42384
1.42672
1.4296
1.43249
1.43537
1.43825
1.44113
1.44402
1.4469
1.44978
1.45266
1.45555
1.45843
1.46131
1.46419
1.46707
1.46996
1.47284
1.47572
1.4786
1.48149
1.48437
1.48725
1.49013
1.49301
1.4959
1.49878
1.50166
1.50454
1.50743
1.51031
1.51319
1.51607
1.51896
1.52184
1.52472
1.5276
1.53048
1.53337
1.53625
1.53913
1.54201
1.5449
1.54778
1.55066
1.55354
1.55642
1.55931
1.56219
1.56507
1.56795
1.57084
1.57372
1.5766
1.57948