-15.13631
-15.12649
-15.29957
-15.49984
-15.30697
-15.01135
-14.95415
-15.70089
-15.40387
-15.22049
-15.38916
-15.51614
-15.44204
-15.41654
-15.4864
-15.48617
-15.55185
-15.61751
-15.67784
-15.62389
-15.67922
-15.63986
-15.85884
-15.8252
-15.68095
-15.69514
-15.90816
-15.85423
-15.87371
-15.90059
-15.94988
-15.92033
-15.9952
-15.97025
-16.02573
-16.06679
-16.10513
-16.0777
-16.08384
-16.07941
-16.1177
-16.31595
-16.28336
-16.13397
-16.29134
-16.3091
-16.3435
-16.35623
-16.37711
-16.45018
-16.45347
-16.47819
-16.44546
-16.5161
-16.46361
-16.58697
-16.62864
-16.68551
-16.54027
-16.65932
-16.80296
-16.78939
-16.7355
-16.71762
-16.71319
-16.78726
-16.76906
-16.81425
-16.81312
-16.89788
-16.93028
-16.95175
-16.90431
-16.89924
-16.96086
-16.99342
-17.03371
-17.00511
-17.06272
-17.05631
-17.15552
-17.13069
-17.18393
-17.14353
-17.22877
-17.17827
-17.22716
-17.22426
-17.33002
-17.38987
-17.4365
-17.40564
-17.46711
-17.4521
-17.53253
-17.5227
-17.50535
-17.5047
-17.58709
-17.5997
-17.64676
-17.68096
-17.69547
-17.74104
-17.71178
-17.75856
-17.6967
-17.78897
-17.77651
-17.88336
-17.88454
-17.89184
-17.87168
-17.9632
-17.91635
-17.95893
-17.9159
-18.01314
-18.00501
-18.08511
-18.06519
-18.11876
-18.11388
-18.12685
-18.14503
-18.16069
-18.16173
-18.17766
-18.25563
-18.26299
-18.26071
-18.26688
-18.31389
-18.30487
-18.38239
-18.37849
-18.42346
-18.41437
-18.47756
-18.45072
-18.53991
-18.49299
-18.62513
-18.59721
-18.69292
-18.6641
-18.73003
-18.70183
-18.76445
-18.77939
-18.81323
-18.8484
-18.8819
-18.90089
-18.92817
-18.95973
-18.96813
-19.06818
-19.049
-19.10051
-19.11774
-19.14349
-19.10685
-19.20249
-19.16328
-19.21464
-19.1935
-19.28476
-19.2706
-19.32299
-19.31912
-19.39529
-19.39165
-19.44866
-19.45482
-19.46441
-19.45078
-19.50848
-19.5319
-19.5552
-19.50752
-19.56132
-19.55451
-19.55079
-19.62464
-19.57987
-19.63529
-19.6047
-19.66386
-19.65338
-19.67151
-19.66837
-19.73336
-19.65103
-19.7586
-19.71136
-19.81984
-19.68778
-19.79906
-19.75902
-19.80471
-19.83932
-19.85065
-19.84067
-19.88473
-19.92343
-19.98643
-19.99137
-20
-20.06848
-20.05655
-20.14023
-20.13819
-20.15899
-20.19696
-20.2071
-20.13326
-20.30269
-20.2743
-20.34578
-20.32652
-20.34946
-20.32379
-20.40552
-20.41118
-20.43781
-20.46616
-20.54028
-20.52336
-20.57926
-20.6302
-20.63769
-20.65047
-20.71401
-20.7194
-20.71408
-20.79409
-20.80492
-20.83211
-20.91964
-20.89834
-21.00001
-21.06716
-21.03157
-21.0349
-21.07495
-21.1047
-21.12627
-21.21012
-21.1127
-21.1829
-21.16526
-21.33107
-21.27762
-21.30224
-21.34602
-21.32348
-21.37798
-21.37366
-21.34482
-21.56019
-21.48629
-21.46144
-21.5098
-21.60363
-21.58779
-21.57641
-21.59861
-21.64094
-21.61963
-21.56886
-21.72647
-21.59661
-21.59772
-21.57837
-21.11682
-21.85431
-22.44849
-22.2605
-22.03819
-22.07682
-22.01221
-22.21269
-22.05907
-22.20534
-22.28214
-22.1292
-22.08518
-22.11176
-22.11289
-22.06989
-22.01911
-22.15447
-22.04233
-21.91821
-22.26481
-22.36678
-22.13971
-22.46788
-22.42166
-22.96186
-22.40357
-22.52208
-22.65814
-22.36148
-22.42763
-22.35825
-21.98387
-22.03693
-22.43539
-22.44478
-22.03814
-22.11561
-22.82105
-22.17733
-22.08902
-22.13051
-22.10392
-22.23759
-22.73863
-22.27937
-22.29325
-22.26435
-22.44254
-22.6357
-22.95132
-22.7364
-22.76694
-22.16565
-22.66208
-22.2866
-22.76813
-22.99448
-22.6504
-22.42861
-21.92099
-22.28735
-22.58788
-22.50594
-22.37471
-22.1841
-22.88076
-22.28025
-22.4493
-22.32173
-22.71116
-22.79248
-22.63462
-22.54863
-22.39677
-22.33106
-22.30644
-22.54238
-22.71125
-22.53222
-22.43072
-22.5269
-22.53663
-22.90171
-22.85981
-22.92232
-22.9601
-22.82924
-23.1297
-23.03697
-23.26759
-23.27141
-23.07529
-23.26243
-23.05544
-23.05961
-23.06962
-23.51508
-23.54929
-23.19437
-23.62109
-23.03621
-23.3493
-23.47164
-23.24792
-23.24504
-23.647
-23.60769
-23.2369
-23.53423
-24.35905
-23.76153
-23.97405
-24.30753
-24.87071
-24.58247
-24.11145
-24.35561
-24.18841
-23.62083
-24.73633
-24.39499
-24.59732
-24.69599
-24.78194
-24.51384
-23.95458
-24.22437
-24.41968
-24.28952
-24.24954
-25.22658
-24.98099
-24.72002
-25.04587
-25.11525
-25.61979
-25.13604
-25.34367
-24.77568
-25.18691
-24.9794
-24.54536
-25.34497
-25.23818
-24.94032
-25.55727
-24.21166
-25.14835
-25.16094
-25.70345
-25.13999
-20.20215
-17.81565
-17.42636
-12.48528
-13.13851
-12.76154
-13.33984
-8.16227
-8.65873
-3.98963
-3.30619
-2.09836
-2.68675
-1.55205
-1.41261
2.52146
6.38668