1.52357
1.5164
1.55044
1.5899
1.54197
1.47248
1.45584
1.61196
1.54339
1.49998
1.53087
1.55259
1.53265
1.52294
1.53266
1.52817
1.53685
1.54538
1.55273
1.53782
1.54415
1.53233
1.56956
1.5588
1.5276
1.52616
1.56122
1.54715
1.54655
1.54729
1.55201
1.54273
1.5519
1.54356
1.54924
1.55236
1.55498
1.54643
1.54364
1.53912
1.54175
1.57067
1.56146
1.53341
1.55521
1.55435
1.55615
1.55451
1.55416
1.56196
1.55885
1.55907
1.5505
1.55776
1.54632
1.56143
1.56416
1.56911
1.54421
1.55834
1.57587
1.57043
1.55927
1.55338
1.54948
1.55671
1.5509
1.55401
1.55065
1.55919
1.56044
1.56019
1.55058
1.54681
1.55202
1.5533
1.55559
1.54876
1.55333
1.54948
1.5594
1.55318
1.55707
1.54894
1.55687
1.54756
1.55084
1.54761
1.55794
1.56247
1.56533
1.55867
1.56333
1.55866
1.56556
1.56155
1.55669
1.55385
1.56088
1.55961
1.5624
1.56366
1.56262
1.56518
1.55911
1.5618
1.55209
1.55995
1.55591
1.56531
1.56281
1.56102
1.5562
1.56374
1.55602
1.55814
1.55094
1.55898
1.5556
1.56171
1.55709
1.56032
1.55733
1.55626
1.55573
1.55495
1.55266
1.55193
1.5576
1.55597
1.55337
1.55166
1.55409
1.55086
1.55634
1.55363
1.55582
1.55262
1.5566
1.55167
1.55817
1.55131
1.56194
1.55697
1.56396
1.55894
1.56302
1.5581
1.56184
1.56104
1.56203
1.56314
1.56408
1.56366
1.56401
1.56476
1.56337
1.57039
1.56647
1.56902
1.56843
1.56862
1.56319
1.56966
1.56404
1.56653
1.56256
1.56855
1.56523
1.56776
1.56535
1.56994
1.56756
1.57045
1.56893
1.56773
1.56454
1.56745
1.56744
1.56741
1.5614
1.56396
1.56142
1.55916
1.56337
1.55771
1.56037
1.55594
1.55889
1.55613
1.55573
1.55359
1.55699
1.54848
1.55529
1.54965
1.55649
1.54414
1.55117
1.54619
1.548
1.54892
1.54802
1.54547
1.54713
1.54836
1.55146
1.55008
1.54898
1.55247
1.54981
1.55443
1.55253
1.55236
1.55349
1.55252
1.54527
1.55622
1.55239
1.55598
1.55285
1.55285
1.54927
1.55358
1.55231
1.55258
1.55297
1.55666
1.55377
1.55613
1.55813
1.557
1.55626
1.55913
1.55786
1.55585
1.55985
1.55898
1.55925
1.56374
1.56062
1.56606
1.56908
1.56499
1.5636
1.56474
1.56517
1.56503
1.56914
1.56092
1.56409
1.56132
1.5709
1.56572
1.56579
1.56714
1.56407
1.56613
1.56428
1.56083
1.57347
1.56705
1.56388
1.56551
1.57008
1.56751
1.56525
1.56516
1.56637
1.56349
1.55873
1.56732
1.55754
1.55613
1.55344
1.5228
1.56794
1.60382
1.59045
1.575
1.57592
1.57041
1.58138
1.57037
1.57794
1.58119
1.5703
1.56615
1.56633
1.56497
1.56092
1.55642
1.56321
1.55503
1.54616
1.56562
1.57032
1.55533
1.57351
1.56934
1.59999
1.56547
1.57108
1.57769
1.55885
1.56136
1.55594
1.53276
1.53456
1.55639
1.55559
1.53077
1.53396
1.57323
1.53495
1.52863
1.52974
1.52697
1.53332
1.56045
1.53317
1.5327
1.52983
1.53859
1.54815
1.56451
1.55122
1.55165
1.51701
1.5433
1.52131
1.54665
1.55784
1.5377
1.52433
1.49542
1.51426
1.52943
1.52379
1.51551
1.50406
1.54046
1.50697
1.51491
1.50694
1.5266
1.52977
1.5202
1.51449
1.50532
1.50074
1.49835
1.50966
1.51741
1.50691
1.50051
1.50443
1.50385
1.5217
1.51841
1.52052
1.52136
1.51351
1.52783
1.52196
1.53264
1.5317
1.52059
1.529
1.51739
1.51651
1.51593
1.53729
1.53788
1.51896
1.53924
1.5089
1.52345
1.52845
1.51625
1.51505
1.53386
1.53082
1.51148
1.52504
1.56441
1.53403
1.54332
1.55847
1.58473
1.56956
1.54559
1.5563
1.54712
1.51869
1.57126
1.55375
1.56233
1.56592
1.5689
1.55501
1.52736
1.53911
1.54728
1.54006
1.53712
1.58201
1.56935
1.55602
1.57017
1.5723
1.59468
1.57105
1.57958
1.55216
1.5701
1.55944
1.53839
1.57409
1.5681
1.55339
1.58052
1.51807
1.55971
1.55922
1.58276
1.55617
1.33212
1.22392
1.20599
0.9837
1.01301
0.99612
1.02196
0.79112
0.8136
0.60658
0.57701
0.52435
0.55121
0.50201
0.49678
0.32491
0.15667