1.31127
1.35331
1.54099
1.21679
0.93721
1.07358
1.61194
1.49492
0.9774
1.12249
1.40851
1.17648
1.13423
1.18716
1.22422
1.14412
1.27675
1.17252
1.16923
1.08578
1.14987
1.14274
1.20358
0.9514
1.00637
1.2097
1.12036
1.01806
1.05218
1.06817
1.03079
1.06351
1.03785
1.03965
1.0626
1.07174
1.00619
1.00034
1.00795
1.00103
1.1427
1.07447
0.89864
1.03132
1.06045
1.05815
0.99181
1.02935
0.98182
1.03206
0.93222
0.96059
0.92408
0.95499
0.94464
0.98118
0.93816
0.85102
0.85272
0.98315
0.89321
0.82448
0.7952
0.77567
0.81245
0.78757
0.78061
0.77092
0.81746
0.78087
0.77968
0.71056
0.7198
0.7088
0.77815
0.72591
0.7261
0.67477
0.73446
0.72795
0.74459
0.68757
0.70156
0.68646
0.69327
0.67318
0.68784
0.71119
0.72924
0.73265
0.66194
0.66973
0.65472
0.67255
0.63165
0.63572
0.63205
0.66134
0.6373
0.65048
0.62332
0.64721
0.59315
0.61494
0.57133
0.60143
0.58513
0.6045
0.5993
0.60078
0.5596
0.56147
0.56354
0.559
0.541
0.54633
0.55261
0.53925
0.55277
0.53452
0.53474
0.51073
0.5229
0.48791
0.50366
0.45654
0.49462
0.48861
0.50688
0.45997
0.47157
0.45927
0.47583
0.45841
0.47561
0.43891
0.46487
0.44632
0.45059
0.44345
0.44997
0.44808
0.42695
0.42122
0.40677
0.41738
0.40468
0.42328
0.38819
0.40473
0.3813
0.40125
0.37187
0.38122
0.36068
0.38504
0.37016
0.36779
0.35157
0.34941
0.33477
0.32789
0.32213
0.32789
0.30943
0.31196
0.31597
0.31101
0.31387
0.30951
0.31019
0.29773
0.28771
0.27339
0.27767
0.26704
0.26861
0.2562
0.26178
0.23479
0.24114
0.23592
0.22987
0.22354
0.22847
0.22491
0.23245
0.21006
0.22136
0.20276
0.21825
0.20677
0.20777
0.20437
0.21328
0.20789
0.20678
0.19819
0.19027
0.19396
0.19105
0.19694
0.1919
0.2037
0.19146
0.20076
0.18651
0.20599
0.19031
0.19892
0.18406
0.18802
0.17593
0.18506
0.18205
0.17896
0.16861
0.1755
0.16674
0.17717
0.17422
0.17182
0.17301
0.1687
0.16833
0.16475
0.17422
0.17011
0.17109
0.16335
0.16784
0.15926
0.15852
0.14617
0.1595
0.15482
0.15753
0.14985
0.16861
0.14739
0.1457
0.15061
0.14191
0.13761
0.13648
0.13024
0.13057
0.12566
0.12811
0.12956
0.11637
0.11209
0.11676
0.1183
0.11863
0.11312
0.10784
0.11397
0.10601
0.09876
0.09144
0.10321
0.09559
0.07945
0.08053
0.08151
0.07811
0.08544
0.08242
0.0778
0.07402
0.07926
0.07299
0.07676
0.08102
0.08667
0.1618
0.11512
0.08149
0.08356
0.07024
0.06851
0.06436
0.05108
0.05698
0.05515
0.0452
0.04604
0.04923
0.05432
0.05196
0.05549
0.05404
0.04998
0.0534
0.06012
0.05321
0.06671
0.07493
0.05776
0.05057
0.04056
0.03434
0.03425
0.03375
0.03994
0.02691
0.02996
0.03679
0.03568
0.04426
0.0305
0.03345
0.03482
0.03176
0.02844
0.0255
0.03629
0.03369
0.0268
0.02586
0.03015
0.02843
0.03324
0.02061
0.02826
0.0202
0.03355
0.02507
0.01477
0.01737
0.02793
0.01916
0.01405
0.01811
0.02464
0.02512
0.02326
0.02709
0.02943
0.02307
0.02095
0.01246
0.03241
0.02707
0.02203
0.02453
0.01771
0.02525
0.02802
0.02723
0.02839
0.0294
0.02177
0.03891
0.04191
0.03743
0.03749
0.02691
0.03081
0.03889
0.0352
0.03782
0.03321
0.03198
0.02983
0.03759
0.03375
0.03202
0.04297
0.03301
0.03353
0.03953
0.02671
0.04507
0.03606
0.02929
0.03386
0.02653
0.0292
0.04298
0.03751
0.03189
0.02899
0.09616
0.03073
0.03339
0.02928
0.02962
0.02876
0.02292
0.02877
0.02751
0.03667
0.0395
0.02533
0.02352
0.02708
0.01183
0.01756
0.02886
0.01414
0.02305
0.02979
0.01719
0.01656
0.01841
0.01271
0.03627
0.03195
0.0065
0.01548
0.02656
0.01977
0.01435
0.01067
0.02416
0.02026
0.0075
0.02216
0.02209
0.02125
0.00792
0.01843
0.02016
0.01723
0.01369
0.01181
0.00455
0.01004
0.0107
0.03123
0.0101
0.01772
0.01844
0.00758
0.01324
0.01379
0.01488
0.01148
0.01222
0.01642
0.01123
0.01044