0.04952
0.04768
0.04088
0.05043
0.06622
0.05902
0.03923
0.0392
0.06121
0.05383
0.04196
0.04934
0.05118
0.04869
0.04662
0.04957
0.04389
0.04722
0.04682
0.05034
0.04702
0.04718
0.04373
0.05515
0.05243
0.04331
0.04571
0.05023
0.04825
0.04715
0.0484
0.04676
0.04738
0.04712
0.04566
0.04489
0.04742
0.04753
0.0469
0.04699
0.04083
0.04259
0.05078
0.04448
0.04257
0.04239
0.0449
0.043
0.0448
0.0422
0.04648
0.04481
0.04646
0.04453
0.04496
0.04273
0.04436
0.0485
0.04862
0.04166
0.04524
0.04883
0.05056
0.05166
0.04911
0.05021
0.05048
0.05075
0.04766
0.04942
0.04919
0.05367
0.0529
0.05351
0.04836
0.05152
0.05117
0.05492
0.05009
0.05034
0.04874
0.05264
0.05123
0.05226
0.0513
0.05276
0.0513
0.04942
0.04774
0.04718
0.05189
0.05117
0.05197
0.05044
0.05327
0.05276
0.05291
0.05038
0.05187
0.05059
0.05248
0.05027
0.05461
0.05236
0.05624
0.05311
0.05456
0.05238
0.05268
0.05209
0.05573
0.05532
0.05498
0.05499
0.05675
0.05589
0.05518
0.0561
0.05456
0.05602
0.05586
0.05815
0.05662
0.06044
0.05831
0.06407
0.05894
0.05942
0.0569
0.06247
0.06075
0.06215
0.05968
0.06177
0.05915
0.0639
0.06002
0.06235
0.0614
0.06226
0.06094
0.06113
0.0636
0.06434
0.06616
0.06436
0.066
0.06298
0.06829
0.06527
0.06898
0.06526
0.07011
0.06814
0.07173
0.06691
0.06938
0.06935
0.0724
0.07249
0.07539
0.07668
0.07794
0.07607
0.0805
0.07947
0.07831
0.07906
0.07816
0.07889
0.07851
0.08134
0.08395
0.08792
0.08631
0.08948
0.08876
0.09261
0.09032
0.10035
0.09761
0.09931
0.10168
0.10431
0.10151
0.10302
0.09922
0.10963
0.10355
0.1128
0.10445
0.10998
0.10892
0.11077
0.10547
0.10811
0.10801
0.11292
0.11688
0.11452
0.1158
0.11192
0.11453
0.10766
0.11409
0.1084
0.11615
0.10489
0.11323
0.10782
0.11629
0.11325
0.12075
0.11444
0.11591
0.1176
0.12481
0.11898
0.12505
0.11714
0.11892
0.12021
0.1192
0.12165
0.12161
0.12386
0.11676
0.11903
0.11814
0.12324
0.11948
0.12561
0.12586
0.13592
0.12426
0.12775
0.12497
0.13104
0.1161
0.13218
0.13351
0.12848
0.13579
0.13987
0.14071
0.14696
0.14614
0.15143
0.14785
0.1463
0.1622
0.16813
0.16028
0.15811
0.15722
0.16433
0.17213
0.16227
0.17412
0.18667
0.19995
0.17716
0.19102
0.22904
0.22491
0.22185
0.23112
0.21073
0.21774
0.23035
0.24195
0.22452
0.24422
0.23172
0.21921
0.2071
0.10852
0.14978
0.21228
0.20785
0.24653
0.2527
0.26704
0.33716
0.3005
0.30925
0.37813
0.37098
0.34601
0.31296
0.32693
0.30597
0.31244
0.33818
0.31691
0.27844
0.31319
0.2508
0.22099
0.28653
0.32214
0.40669
0.47796
0.47671
0.48658
0.40965
0.60806
0.55018
0.44668
0.45515
0.36613
0.53573
0.48661
0.45863
0.50994
0.56966
0.63337
0.44455
0.47649
0.59052
0.61777
0.52877
0.56025
0.47619
0.76292
0.5513
0.77403
0.46477
0.62989
1.0549
0.90345
0.55432
0.80243
1.10095
0.85743
0.63645
0.6181
0.66144
0.56805
0.52371
0.66965
0.72435
1.23276
0.47138
0.56503
0.68703
0.61462
0.85296
0.59846
0.54029
0.55578
0.53251
0.51055
0.68553
0.38449
0.35724
0.39838
0.39697
0.54772
0.47795
0.3776
0.41614
0.38773
0.43797
0.45491
0.48446
0.38374
0.42858
0.44917
0.33569
0.43624
0.42869
0.35948
0.53084
0.31649
0.39131
0.487
0.41777
0.53093
0.48401
0.32828
0.3724
0.43768
0.48449
0.14492
0.44492
0.41404
0.46925
0.46006
0.46751
0.58927
0.47336
0.49171
0.36966
0.34669
0.52735
0.57128
0.49322
1.12473
0.75546
0.46162
0.95124
0.57955
0.44603
0.77389
0.80289
0.70676
1.02723
0.36141
0.40701
1.99548
0.82796
0.48652
0.65003
0.90432
1.20472
0.53351
0.64051
1.70127
0.57607
0.58058
0.59519
1.63695
0.68982
0.62951
0.72778
0.92507
1.1763
3.17977
1.44968
1.46134
0.49566
1.53699
0.86778
0.86809
2.10519
1.15202
1.08145
0.94773
1.26415
1.11472
0.82156
0.58373
-1.46705