2.41808
2.32727
2.18573
2.01237
1.77514
1.48621
1.14199
0.88789
0.66627
0.56124
0.45559
0.3971
0.35535
0.29906
0.25142
0.17438
0.11241
0.02887
-0.11617
-0.34493
-0.64798
-0.94247
-1.28487
-1.43552
-1.62267
-1.69027
-1.77201
-1.81768
-1.90071
-1.9406
-2.00726
-2.05567
-2.16447
-2.2954
-2.51301
-2.75669
-3.099
-3.38132
-3.61669
-3.78502
-3.90875
-3.94712
-4.05539
-4.10117
-4.12288
-4.16835
-4.26106
-4.34287
-4.46775
-4.64996
-4.8858
-5.22042
-5.50842
-5.78846
-5.94844
-6.07946
-6.15093
-6.23357
-6.27831
-6.31623
-6.36261
-6.4492
-6.52578
-6.65027
-6.8004
-7.06003
-7.34385
-7.6702
-7.92262
-8.11679
-8.26155
-8.36395
-8.42543
-8.47978
-8.51754
-8.56489
-8.62925
-8.71397
-8.82834
-8.96358
-9.20846
-9.47773
-9.809
-10.06377
-10.30219
-10.41769
-10.55351
-10.61112
-10.69371
-10.71768
-10.7989
-10.82732
-10.92953
-11.01077
-11.14945
-11.36149
-11.63948
-11.95399
-12.24918
-12.47083
-12.63384
-12.7434
-12.811
-12.87593
-12.94643
-12.99443
-13.03199
-13.12809
-13.18205
-13.33799
-13.49335
-13.77626
-14.07107
-14.40868
-14.62342
-14.82978
-14.9165
-15.01588
-15.06233
-15.14967
-15.17554
-15.25463
-15.29058
-15.36654
-15.48614
-15.66044
-15.88938
-16.2025
-16.50674
-16.77804
-16.97565
-17.09965
-17.1966
-17.25977
-17.31925
-17.35975
-17.44125
-17.47178
-17.60081
-17.67081
-17.8657
-18.05102
-18.37093
-18.64701
-18.96429
-19.12325
-19.31501
-19.38231
-19.48363
-19.50203
-19.58747
-19.59813
-19.69213
-19.75915
-19.86387
-20.01732
-20.22416
-20.50501
-20.81177
-21.10979
-21.30985
-21.49424
-21.57792
-21.68651
-21.71242
-21.79222
-21.80088
-21.90399
-21.92235
-22.07588
-22.16323
-22.403
-22.61471
-22.98247
-23.21528
-23.52344
-23.63904
-23.79355
-23.85241
-23.942
-23.97641
-24.04797
-24.08434
-24.1475
-24.24821
-24.34257
-24.54481
-24.77495
-25.09165
-25.37307
-25.67623
-25.79047
-25.96574
-26.008
-26.11689
-26.14555
-26.23682
-26.24758
-26.35595
-26.38828
-26.55422
-26.66408
-26.93963
-27.17613
-27.54689
-27.76234
-28.02817
-28.15011
-28.26954
-28.33298
-28.39362
-28.42622
-28.50074
-28.56248
-28.62538
-28.74394
-28.87293
-29.10113
-29.33994
-29.68842
-29.92927
-30.20789
-30.29886
-30.46626
-30.50849
-30.61317
-30.6214
-30.72263
-30.72089
-30.87067
-30.90231
-31.09715
-31.23736
-31.54959
-31.79682
-32.1471
-32.32391
-32.52193
-32.61702
-32.7162
-32.77624
-32.84151
-32.89674
-32.94408
-33.05305
-33.10211
-33.28516
-33.40318
-33.70161
-33.93944
-34.31074
-34.48441
-34.75981
-34.79919
-34.95567
-34.95836
-35.08132
-35.06878
-35.20893
-35.19416
-35.35572
-35.40719
-35.62197
-35.7933
-36.13604
-36.39255
-36.70275
-36.87416
-37.00605
-37.12395
-37.16763
-37.25098
-37.26867
-37.36559
-37.38082
-37.54426
-37.56693
-37.81725
-37.93697
-38.29152
-38.50438
-38.88549
-39.00514
-39.24801
-39.28675
-39.42235
-39.41526
-39.54006
-39.52966
-39.66008
-39.68225
-39.83131
-39.95079
-40.17215
-40.42482
-40.7259
-41.01373
-41.22596
-41.44021
-41.49375
-41.6363
-41.6346
-41.73441
-41.73863
-41.86084
-41.8401
-42.02409
-42.08194
-42.36369
-42.51388
-42.86
-43.0535
-43.37975
-43.48099
-43.70325
-43.77366
-43.89502
-43.92543
-43.97216
-43.99673
-44.10559
-44.1595
-44.3029
-44.46727
-44.7015
-44.99408
-45.31514
-45.58957
-45.76331
-45.93673
-45.96354
-46.11839
-46.07002
-46.14188
-46.12545
-46.29821
-46.28235
-46.49865
-46.56749
-46.87947
-47.08191
-47.48361
-47.67438
-47.96881
-48.03946
-48.20349
-48.24492
-48.33799
-48.36547
-48.4419
-48.46704
-48.55833
-48.64083
-48.81257
-48.99608
-49.25603
-49.55304
-49.81673
-50.0803
-50.1927
-50.38006
-50.41144
-50.57276
-50.55074
-50.67804
-50.65108
-50.8188
-50.80767
-51.05459
-51.12936
-51.46093
-51.67389
-52.06294
-52.2068
-52.46873
-52.52691
-52.66236
-52.70984
-52.77094
-52.83975
-52.89428
-52.97856
-53.04869
-53.19607
-53.31521
-53.59599
-53.84437
-54.18655
-54.37111
-54.63345
-54.66463
-54.86576
-54.84408
-55.00531
-54.98371
-55.14475
-55.11271
-55.2994
-55.33663
-55.55797
-55.72767
-56.07258
-56.3019
-56.639
-56.78789
-56.96151
-57.08234
-57.1482
-57.23906
-57.26403
-57.37263
-57.4371
-57.58062
-57.64154
-57.74766
-57.86433
-58.18684
-58.44108
-58.73027
-58.86654
-59.1351
-59.19973
-59.35109
-59.33966
-59.49181
-59.47559
-59.64018
-59.64527
-59.8276
-59.8839
-60.16144
-60.35516
-60.698
-60.92505
-61.20255
-61.35537
-61.47428
-61.55334
-61.5759
-61.62672
-61.66297
-61.72675
-61.78175
-61.9289
-62.02874
-62.26854
-62.45344
-62.79885
-63.03106
-63.38458
-63.49705
-63.71769
-63.72478
-63.85938
-63.82746
-63.95555
-63.90501
-64.0732
-64.06032
-64.29516
-64.36609
-64.66835
-64.88043
-65.2431
-65.45423
-65.68981
-65.82682
-65.93802
-66.00742
-66.04048
-66.10748
-66.10875
-66.2514
-66.26544
-66.45152
-66.53297
-66.83255
-67.02843
-67.42998
-67.5969
-67.92197
-67.95952
-68.20606
-68.20574
-68.2978
-68.29436
-68.41295
-68.41499
-68.56176
-68.58537
-68.80842
-68.97232
-69.25627
-69.5471
-69.83031
-70.09673
-70.21553
-70.38064
-70.45036
-70.57183
-70.56394
-70.6885
-70.65829
-70.81678
-70.76529
-70.82059
-70.86752
-71.1688
-71.26591
-69.64691
-72.43035
-72.47279
-72.50308
-72.64994
-72.66752
-72.8001
-72.8183
-72.92513
-72.96143
-73.09879
-73.18009
-73.36352
-73.57727
-73.84308
-74.06186
-72.89574
-74.44781
-74.65029
-74.71583
-74.86126
-74.94233
-74.96872
-75.06683
-75.15037
-75.24054
-75.36399
-75.52133
-75.65603
-75.97285
-76.19499
-76.53637
-76.68156
-76.91799
-76.95429
-77.13414
-77.11061
-77.30358
-77.24852
-77.37668
-77.35463
-77.55992
-77.60114
-77.8476
-78.02303
-78.37926
-78.5973
-78.8506
-79.02171
-79.15587
-79.2761
-79.33146
-79.443
-79.42694
-79.53666
-79.54371
-79.76484
-79.80504
-80.10198
-80.22584
-80.60757
-80.79155
-81.10626
-81.1419
-81.38219
-81.35581
-81.50301
-81.44516
-81.56968
-81.75539
-81.87533
-81.85662
-82.03172
-82.14547
-82.458
-82.71096
-82.97852
-83.29578
-83.42211
-83.66584
-83.68666
-83.78696
-83.76072
-83.86924
-83.84648
-83.89925
-84.13582
-84.35845
-84.46576
-84.73262
-84.85362
-85.21873
-85.37636
-85.69673
-85.75354
-85.98223
-85.95745
-86.11449
-86.09275
-86.22913
-86.25801
-86.2914
-86.45508
-86.63025
-86.77671
-86.97485
-87.27331
-87.5257
-87.74717
-87.85279
-88.02861
-88.06458
-88.19607
-88.20146
-88.39963
-88.32689
-88.54483
-88.56431
-88.7827
-88.84782
-89.19261
-89.2681
-89.72995
-89.73074
-90.03083
-90.07255
-90.23429
-90.22482
-90.18934
-90.3133
-90.53353
-90.52219
-90.64768
-90.70631
-90.98254
-91.19972
-91.44218
-91.77938
-91.97864
-92.23124
-92.24191
-92.44708
-92.46745
-92.65886
-92.5725
-92.80134
-92.76305
-93.09573
-93.01645
-93.28012
-93.3516
-93.80362
-93.88311
-94.30074
-94.38298
-94.64525
-94.62546
-94.82631
-94.83534
-94.98193
-94.94081
-95.04411
-95.14907
-95.18101
-95.42717
-95.50218
-95.81898
-96.04758
-96.37333
-96.36953
-96.66531
-96.53311
-97.25153
-96.98955
-97.11329
-96.98443
-97.15884
-97.07694
-97.3651
-97.42072
-97.7191
-97.81351
-97.61649
-98.23234
-98.67166
-98.8616
-99.00231
-99.0113
-99.18706
-99.35498
-99.48523
-98.78726
-99.09917
-99.37471
-99.45804
-99.75752
-99.94215
-100.37753
-100.54137
-100.94231
-100.90039
-101.10621
-101.12452
-101.36267
-101.26401
-100.75841
-100.62957
-101.87076
-101.70747
-101.82615
-101.90711
-102.21172
-102.40877
-102.81357
-102.97508
-103.17827
-103.34931
-103.45907
-103.59984
-103.65025
-103.66937
-103.73588
-103.82488
-103.91004
-104.14054
-104.17901
-104.5901
-104.66422
-105.06178
-105.20108
-105.48944
-105.44852
-105.79387
-105.50874
-105.71394
-105.80023
-106.02159
-105.97015
-106.18346
-106.22397
-106.47451
-106.52593
-106.8302
-107.16679
-107.32442
-107.3855
-107.59217
-107.73839
-107.75679
-107.97825
-106.99222
-108.37775
-108.28684
-108.27247
-108.26687
-108.54265
-108.61387
-109.03079
-109.13653
-109.59588
-109.68411
-109.94516
-109.93779
-110.07959
-110.21126
-110.27398
-110.36331
-110.51789
-110.50503
-110.68404
-110.75285
-110.88352
-111.31317
-111.3518
-111.58342
-110.77778
-111.84739
-111.91277
-112.23087
-112.22881
-112.51945
-112.41889
-112.72241
-112.61843
-113.00718
-112.9335
-113.21632
-113.11032
-113.47672
-113.66473
-114.02656
-114.23977
-114.5632
-114.52258
-114.81492
-114.83191
-114.79857
-114.68693
-114.67191
-114.82702
-114.93148
-115.10601
-115.33931
-115.60248
-115.78622
-116.05273
-116.30598
-116.62363
-116.77971
-117.10324
-116.65383
-117.08196
-116.692
-117.02091
-116.9474
-117.20085
-117.38344
-117.62593
-117.67935
-118.06597
-118.33839
-118.78798
-118.70419
-118.88216
-118.91562
-119.14036
-119.18127
-119.15948
-119.43178
-119.7574
-119.53368
-119.99814
-120.26143
-120.36749
-121.97797
-123.87487
-123.03453
-121.73151
-121.96978
-122.35129
-121.5031
-121.77351
-121.32607
-121.07585
-121.41329
-121.44956
-121.78146
-121.82019
-122.17886
-121.74731
-122.23017
-122.5868
-123.56679
-123.55229
-123.47849
-123.41213
-123.34567
-123.46519
-123.18722
-123.29748
-123.35878
-123.71916
-123.92111
-124.64945
-124.52456
-124.85556
-124.89705
-125.27867
-125.31665
-125.38245
-125.32946
-125.68313
-125.04061
-125.77482
-125.60628
-126.20188
-125.81073
-126.51725
-127.03588
-127.10366
-128.02809
-128.40206
-131.37285
-128.24793
-126.26808
-128.25028
-127.83355
-128.93324
-127.67541
-127.67501
-127.6059
-127.89494
-128.33621
-128.2349
-128.87208
-129.19034
-129.0504
-129.58413
-129.58455
-129.94808
-129.93414
-128.99237
-129.88409
-130.11496
-130.17422
-130.12491
-130.06674
-130.97035
-130.83898
-130.87121
-131.03997
-131.44338
-131.9081
-131.85162
-131.71298
-132.01457
-132.38495
-133.08469
-133.15046
-130.87829
-131.29634
-132.26571
-133.47712
-133.66075
-133.5217
-133.63577
-133.80734
-134.0806
-134.74693
-134.62873
-135.70336
-135.19087
-135.72053
-135.40277
-134.9541
-129.75732
-129.32845
-129.42429
-129.20872
-129.3172
-129.72792
-130.25851
-130.70905
-130.79747
-131.2576
-131.0071
-131.87268
-130.79447
-126.80536
-127.00251
-127.2724
-128.25502
-127.88428
-127.88646
-123.33643
-124.95412
-119.60459
-118.64669
-113.72857
-111.23926
-109.61985
-108.10208
-107.65223
-103.77398
-104.26242
-104.72861
-105.08458
-104.46166
-104.23851
-104.88422
-101.33723
-101.75393
-100.85134
-96.58909
-93.95278
-89.94292
-88.67156
-90.98978
-95.50673
-94.91378
-96.1186
-90.86117
-89.15403
-89.29477
-90.03517
-91.45114
-91.05294
-86.58339
-84.19008
-84.90575
-84.30917
-79.511
-77.06159
-74.08752
-72.92562
-68.92958
-68.81576
-70.11589
-67.433
-64.02933
-61.46124
-57.08756
-52.279
-51.38885
-46.21017
-45.0875
-39.90651
-41.82741
-42.25648
-37.48432
-36.56941
-38.63018
-35.16304
-32.00118
-26.90158
-23.69274
-21.89528
-21.10163
-17.61292
-17.83465
-19.02027
-18.80451
-19.79084
-19.27239
-18.36202
-20.19137
-15.84197
-14.73353
-12.9304
-11.55035
-9.02532
-5.01024
-2.66835
1.62395
5.59942
6.32957
11.03655
10.18245
13.58909
16.51591
21.14527
26.20081
26.94145
29.95543
34.28218
35.1051
36.21764
38.93432
37.90037
36.93674
36.38246
40.74741
43.28619
43.34114
41.75251
47.37064
46.72129
46.25905
47.72648
51.90884
51.51129
50.65626
53.95657
56.98099
60.46423
65.62305
69.27878
68.75779
69.54604
69.37023
69.74981
69.68978
69.05583
68.61915
72.69579
73.40879
73.49066
78.68475
80.5336
80.17684
79.10019
80.16936