0.60678
0.65777
0.7293
0.8262
0.96888
0.99657
0.953
0.88014
0.75349
0.65698
0.59076
0.5494
0.52476
0.53135
0.54316
0.55251
0.60255
0.68589
0.7707
0.90248
0.97279
0.93135
0.89438
0.78835
0.65074
0.59894
0.56289
0.54415
0.53584
0.54472
0.55673
0.61474
0.67817
0.75678
0.86189
0.9382
0.96726
0.91327
0.79787
0.68455
0.6107
0.5763
0.55021
0.51866
0.53279
0.55954
0.60326
0.65323
0.73071
0.84198
0.93645
0.98815
0.93152
0.81633
0.71827
0.62423
0.5879
0.54875
0.52692
0.51991
0.55484
0.59945
0.64911
0.72959
0.83083
0.9479
0.98704
0.95094
0.85374
0.75046
0.65668
0.60964
0.54295
0.53988
0.52771
0.56803
0.58751
0.63267
0.70776
0.82228
0.9172
0.99355
0.98045
0.89839
0.7823
0.69684
0.61798
0.56968
0.55896
0.53513
0.55541
0.5788
0.62266
0.69591
0.80081
0.89683
0.98903
0.98763
0.92592
0.80654
0.71559
0.62375
0.59178
0.5467
0.54216
0.54445
0.56705
0.6023
0.68198
0.75988
0.87646
0.97399
1.00719
0.95415
0.84784
0.7285
0.65244
0.5995
0.55706
0.55329
0.53895
0.56051
0.59238
0.66927
0.7339
0.85662
0.92829
1.01819
0.97437
0.89027
0.75672
0.68723
0.6024
0.58187
0.55587
0.55672
0.56874
0.60365
0.64197
0.73106
0.81639
0.92386
0.99389
0.97443
0.889
0.78917
0.69229
0.61823
0.58745
0.55298
0.56216
0.56751
0.60238
0.63798
0.71978
0.79237
0.91896
0.97158
0.99273
0.90369
0.81222
0.70131
0.64782
0.58111
0.5668
0.55585
0.56574
0.59417
0.63817
0.6934
0.78266
0.88482
0.96583
1.01021
0.9375
0.83337
0.72755
0.6605
0.59008
0.57941
0.55072
0.57054
0.5737
0.62695
0.6676
0.77505
0.84957
0.96247
0.988
0.95015
0.83897
0.76256
0.65034
0.61162
0.56881
0.56513
0.55942
0.58437
0.62738
0.67794
0.75879
0.85182
0.97567
1.01842
1.01103
0.91002
0.79762
0.69843
0.63991
0.56333
0.5727
0.54983
0.58617
0.59823
0.66789
0.7172
0.84127
0.91715
1.01701
1.00834
0.93636
0.80195
0.7259
0.63195
0.59952
0.56282
0.55325
0.57444
0.60198
0.65926
0.70949
0.81325
0.89596
1.01099
1.01061
0.96271
0.84081
0.74656
0.65152
0.62457
0.56033
0.58045
0.55626
0.59985
0.62425
0.7065
0.75708
0.89036
0.97663
1.02932
0.97951
0.89044
0.76632
0.68662
0.61541
0.57746
0.56282
0.55628
0.58752
0.61317
0.67685
0.74198
0.85754
0.93231
1.0308
0.97823
0.9082
0.77696
0.7175
0.61359
0.60344
0.54362
0.57961
0.5768
0.61722
0.64958
0.74006
0.81655
0.92768
0.994
1.00066
0.92088
0.82816
0.71789
0.65645
0.61741
0.57782
0.58711
0.57577
0.61195
0.64013
0.72974
0.79229
0.91364
0.95712
1.01104
0.91863
0.8437
0.71041
0.67327
0.58262
0.58971
0.55464
0.57908
0.57824
0.63611
0.67898
0.7688
0.8159
0.90418
1.06694
1.04096
0.90635
0.76574
0.69396
0.65296
0.64695
0.58018
0.60615
0.60026
0.6561
0.69144
0.78643
0.84967
0.98661
0.98858
1.00148
0.84542
0.7722
0.64855
0.64184
0.51271
0.52106
0.72693
0.67262
0.66181
0.70145
0.7757
0.86131
0.96588
1.01442
1.00911
0.9089
0.80905
0.70091
0.65465
0.58001
0.58399
0.55574
0.6421
0.62161
0.69615
0.72935
0.85542
0.89401
1.02744
1.0251
0.98379
0.83292
0.75798
0.64988
0.63527
0.58577
0.58538
0.58668
0.61273
0.66579
0.71717
0.82021
0.90343
1.01437
1.00703
0.97888
0.85886
0.77037
0.66945
0.63984
0.57359
0.59874
0.57074
0.62749
0.64835
0.72917
0.77084
0.90656
0.96325
1.03914
0.97657
0.91393
0.77069
0.71374
0.62767
0.61883
0.59623
0.60602
0.63129
0.66092
0.72193
0.78645
0.92704
0.98668
1.09638
1.04368
0.98257
0.85175
0.779
0.66373
0.66247
0.59422
0.61684
0.606
0.65669
0.63544
0.71189
0.74302
0.90323
0.95877
0.94487
0.82578
1.05188
0.8633
0.74189
0.65284
0.63062
0.6157
0.6258
0.66274
0.67502
0.77437
0.81154
0.94346
0.97695
1.03983
0.92919
0.8766
0.73362
0.68519
0.58101
0.60818
0.54623
0.60764
0.58719
0.67965
0.72762
0.83166
0.91074
1.00512
1.04624
1.02805
0.90784
0.7988
0.7048
0.63816
0.60949
0.57248
0.59934
0.59093
0.66259
0.68821
0.79899
0.83694
0.99742
0.99853
1.04211
0.90427
0.85773
0.70053
0.69121
0.59734
0.62224
0.59629
0.63183
0.64258
0.72462
0.77772
0.88799
0.98624
1.06459
1.03993
0.97183
0.84574
0.78034
0.68459
0.61474
0.58954
0.62659
0.71455
0.66617
0.73247
0.76056
0.91635
0.95272
1.07027
1.04225
1.04424
0.86653
0.81696
0.6746
0.66697
0.55814
0.57959
0.56881
0.59501
0.57107
0.59908
0.61582
0.95537
0.88038
0.78505
3.84349
1.34494
1.02234
0.79398
0.77718
0.65191
0.68897
0.62939
0.68525
0.65296
0.733
0.74261
0.87347
0.83324
0.79929
0.47097
2.96799
1.31903
0.9417
0.81795
0.72767
0.69678
0.70118
0.6907
0.70534
0.76237
0.80326
0.92574
0.97858
1.05641
1.02439
0.99587
0.88395
0.87047
0.70459
0.7032
0.60997
0.64262
0.59578
0.68522
0.67564
0.79997
0.78437
1.06703
1.14433
1.16893
1.02014
0.92527
0.8067
0.75997
0.67892
0.64442
0.68151
0.64024
0.67641
0.71798
0.83298
0.87922
0.9965
1.06552
1.12341
1.03988
0.94025
0.80022
0.77784
0.67653
0.66239
0.58787
1.03757
0.83756
0.81288
0.78924
0.91261
0.97457
1.12909
1.10761
1.10151
0.97684
0.88545
0.71414
0.68023
0.6203
0.63689
0.63596
0.66337
0.68982
1.11142
1.14314
1.02289
1.11711
1.06544
1.1106
0.99882
0.92691
0.78475
0.73719
0.59979
0.64836
0.57811
0.63932
0.61605
0.7033
0.74025
0.79931
0.8571
0.97353
0.96168
0.96039
0.87566
0.82948
0.69982
0.66181
0.65355
0.63901
0.65329
0.6656
0.73342
0.75097
0.77053
0.8113
0.94774
0.91309
0.94572
0.81966
0.80362
0.66813
0.64008
0.52037
0.74152
0.72873
0.70204
0.69867
0.8129
0.83301
1.06925
1.06571
1.14917
1.09846
0.96852
0.8379
0.86992
0.86109
0.71614
0.72795
0.715
0.74544
0.70774
0.82451
0.82139
0.96477
0.99669
1.18372
1.02049
1.06523
0.88755
0.8536
0.68213
0.75122
0.64047
0.69991
0.65085
0.66821
0.69128
0.76502
0.83409
0.88655
0.9691
0.9568
0.95651
0.7235
0.60284
1.38895
1.06928
0.78437
0.71214
0.66324
0.75027
0.7315
0.8766
0.80511
0.88733
0.70696
1.29782
1.82082
1.25516
0.89383
0.84003
0.76261
0.69348
0.57159
0.44862
0.91385
1.1402
0.97851
0.953
1.01629
1.19265
1.22309
1.19263
1.01077
0.86195
0.79916
0.64823
0.66684
0.50004
0.41141
3.60552
1.37629
1.15074
1.12805
1.20703
1.30471
1.34496
1.40637
1.17039
1.19385
0.98095
0.93286
0.89585
0.89122
0.81817
0.84614
0.79246
0.82053
1.00635
1.06827
1.19294
1.26728
1.31417
1.08125
1.06211
0.90639
0.75258
0.70211
0.97579
0.83615
0.85515
0.74062
0.8597
0.89246
0.96572
1.08374
1.22387
1.07
0.94395
0.90788
0.88798
0.7169
0.58607
0.31472
2.57447
1.39508
1.0503
0.90773
1.05096
1.09894
1.05003
1.26447
1.24214
1.19996
1.02523
0.99779
0.90074
0.94774
0.70065
0.79777
0.71749
0.75772
0.78891
0.87514
0.86166
0.98572
0.84232
0.77665
0.35462
2.39465
1.59991
0.9877
0.81786
0.92335
1.05889
0.88224
0.904
0.8842
0.78944
0.84476
0.83467
0.91809
1.10958
1.09956
1.0568
0.94789
0.92131
0.74922
0.75109
0.77382
0.62666
0.53914
0.72244
0.76982
0.85861
0.98677
1.13398
1.02371
1.0495
1.05968
1.14663
0.76583
0.78066
0.62023
0.58782
0.57287
0.5935
0.64248
0.59141
0.71808
0.83079
0.83969
0.90235
0.96291
0.92697
0.79361
0.65978
0.64641
0.46282
0.53388
0.3755
0.61511
0.4747
0.49251
0.56557
0.48871
0.56175
0.58796
0.30691
0.21393
0.23548
0.33421
1.09688
0.96824
1.8857
3.00266
1.58237
1.61358
1.31376
1.20366
1.49907
1.4651
1.96806
2.5749
1.73036
1.41974
1.28282
0.87059
0.70672
0.61849
0.63775
0.63402
0.59994
0.72754
1.07342
1.01513
1.25849
1.30036
1.12066
0.89938
1.08304
0.92463
1.13959
0.72066
0.48672
0.61893
0.61219
0.54136
0.75658
0.77718
0.70713
0.90355
0.59232
0.78764
0.6395
0.34365
0.61188
0.19002
1.10244
4.87435
1.67018
3.97539
1.46221
2.2508
1.46284
2.51576
2.75079
1.69107
2.0374
1.316
1.93102
1.17372
0.97175
1.13899
0.99643
0.97988
0.83685
1.05284
0.95853
0.94693
1.3291
1.87007
1.14014
1.56203
1.26242
1.32962
0.91685
0.91427
0.95529
1.14592
0.61596
0.95162
0.28757
0.62543
0.75256
2.32571
1.22839
1.15387
1.72693
1.98247
1.32361
1.3527
0.90577
1.4106
1.47814
0.86464
0.16345
1.0274
1.21937
0.86932
0.51634
0.6829
0.83798
0.92846
1.15842
0.8933
0.64629
0.83692
0.58967
0.57424
0.29415
0.16076
0.25873
0.11927
1.05502
0.55014
1.67278
1.03647
1.03617
1.31519
0.60758
1.15339
1.25003
0.97043
0.60468
0.18198
0.81475
0.54291
2.09938
0.82283
1.09129
0.72077
2.01212
0.77117
1.45057
2.09519
5.11047
1.18703
1.09751
1.58858
0.89774
1.91852
0.6449
1.21795
0.73881
0.6977
1.04478
0.87564
0.69486
1.4914
2.7141
0.80001
1.08487
0.56036
0.26448
0.32338
0.89754
0.37951
1.15054
0.4846
0.71871
0.90141
0.69869
1.06091
1.18749
1.2935
1.8017
0.77357
0.94156
0.40412
1.67584
1.00368
0.84558
0.68708
1.69108
1.00177
0.5481
0.78255
0.1727
0.78942
1.19779
1.48722
0.88345
0.75311
0.26535
1.19734
0.78916
0.15236
0.26572
0.72907
0.98373
0.99711
0.65687
1.24817
1.58208
0.43967
0.71599
0.48508
0.3136
0.35227
0.24093
0.18369
0.61591
1.74293
0.48987
1.43779
2.22254
1.39586
2.46572
0.47927
0.53764
0.29929
0.92385
0.90216
0.46844
0.12076
1.04759
0.69286
1.13443
0.54259
0.94763
0.66188
0.46734
0.78788
0.75365
2.24228
0.62619
1.72769
0.40287
0.97628
1.81892
0.95369
0.43092
0.42542
0.67907
1.15283
0.31876
0.28933
2.37187
0.50672
0.22652
1.35015
0.78529
1.84035
0.54625
0.47419