0.05227
0.04777
0.0425
0.03701
0.03084
0.02923
0.02977
0.03164
0.03626
0.04117
0.04537
0.04856
0.05056
0.04966
0.04824
0.04714
0.04296
0.03745
0.03292
0.02763
0.02513
0.02572
0.02625
0.02936
0.03517
0.03796
0.04024
0.04134
0.04177
0.04086
0.03979
0.03583
0.03223
0.02859
0.0248
0.02244
0.02135
0.02224
0.02511
0.02895
0.03229
0.03405
0.03545
0.03743
0.03636
0.03446
0.03175
0.02916
0.02587
0.02223
0.01971
0.01839
0.0192
0.02163
0.02435
0.02788
0.02944
0.03141
0.03255
0.03293
0.03074
0.02832
0.026
0.023
0.02001
0.01734
0.01642
0.01681
0.0185
0.02088
0.02369
0.02539
0.02841
0.02849
0.02906
0.0269
0.02591
0.02394
0.0213
0.01819
0.01615
0.01473
0.01474
0.0159
0.01811
0.02019
0.02269
0.02449
0.02491
0.02593
0.0249
0.02383
0.02207
0.01965
0.01697
0.01502
0.01348
0.01334
0.01408
0.01603
0.01796
0.0205
0.02154
0.02325
0.02337
0.02322
0.02224
0.02087
0.01835
0.01639
0.0141
0.01258
0.01203
0.01258
0.01403
0.01623
0.01803
0.01958
0.02099
0.02109
0.02159
0.02072
0.01955
0.01725
0.01565
0.01333
0.01221
0.01102
0.01141
0.01238
0.01447
0.01587
0.01805
0.01862
0.01946
0.01937
0.01892
0.01778
0.01667
0.01457
0.01299
0.01139
0.01051
0.01062
0.01155
0.01292
0.01468
0.01637
0.01719
0.01821
0.01788
0.01767
0.01661
0.01563
0.01381
0.01249
0.0107
0.01005
0.00975
0.01063
0.01175
0.01355
0.01462
0.01626
0.01663
0.01693
0.0166
0.01577
0.01464
0.01343
0.01185
0.01043
0.00949
0.009
0.00963
0.01077
0.01227
0.01348
0.01504
0.01529
0.01606
0.01547
0.01535
0.01402
0.01312
0.01126
0.01023
0.00897
0.00868
0.00896
0.01009
0.01105
0.01291
0.01369
0.0147
0.01476
0.0149
0.01422
0.01323
0.0122
0.01087
0.00964
0.00837
0.00796
0.00797
0.0088
0.00999
0.01136
0.01238
0.01403
0.01378
0.01433
0.01342
0.01312
0.01173
0.01089
0.00925
0.00845
0.00757
0.00758
0.00811
0.00943
0.01038
0.0119
0.01251
0.01331
0.01351
0.013
0.01238
0.01128
0.01045
0.00909
0.00821
0.00724
0.0072
0.00751
0.00856
0.00961
0.01097
0.01143
0.01271
0.01226
0.01277
0.01182
0.01134
0.00999
0.0093
0.00788
0.00715
0.00674
0.00704
0.00771
0.00892
0.00993
0.01106
0.01176
0.01206
0.01217
0.01152
0.01101
0.00996
0.00905
0.00781
0.00715
0.00644
0.00674
0.00723
0.00841
0.00909
0.0106
0.01076
0.01193
0.01117
0.01122
0.01046
0.00992
0.00868
0.00785
0.00688
0.00639
0.00631
0.00683
0.00756
0.0087
0.00949
0.01008
0.01075
0.01057
0.01075
0.0101
0.00964
0.00844
0.00775
0.0067
0.00636
0.00599
0.00657
0.00712
0.00843
0.00888
0.01024
0.0101
0.01073
0.01026
0.01027
0.00931
0.00871
0.00767
0.00721
0.00648
0.00548
0.00557
0.00637
0.00752
0.00828
0.00878
0.00885
0.00985
0.00942
0.0095
0.00868
0.00822
0.00721
0.00665
0.00571
0.00567
0.00557
0.00657
0.00717
0.00853
0.0086
0.01075
0.01058
0.00759
0.00816
0.00828
0.0078
0.00704
0.00632
0.00562
0.00533
0.00533
0.00589
0.0066
0.0076
0.00813
0.00915
0.00909
0.00954
0.00825
0.0085
0.00758
0.00722
0.00614
0.00586
0.00508
0.00507
0.00526
0.00619
0.00678
0.0079
0.00807
0.00874
0.00873
0.00871
0.00832
0.00766
0.00709
0.00619
0.0056
0.00497
0.00498
0.00511
0.0058
0.00645
0.00741
0.00774
0.00862
0.00825
0.00865
0.00786
0.00759
0.00674
0.00637
0.0054
0.00506
0.00467
0.00496
0.00527
0.00624
0.00672
0.00764
0.00773
0.00803
0.00788
0.00756
0.00721
0.00659
0.00604
0.00511
0.00479
0.00429
0.00449
0.00475
0.00547
0.00597
0.00699
0.00699
0.00779
0.00749
0.00762
0.00702
0.00725
0.00646
0.00618
0.00507
0.00476
0.00481
0.0055
0.0043
0.00522
0.00606
0.00688
0.00711
0.00728
0.00715
0.00675
0.00661
0.00576
0.00548
0.0047
0.00453
0.00424
0.00473
0.005
0.00596
0.00637
0.0075
0.00716
0.00797
0.00715
0.0074
0.00638
0.00595
0.0052
0.00474
0.00428
0.0041
0.00415
0.00469
0.00531
0.00601
0.00663
0.00694
0.00738
0.00705
0.00714
0.00636
0.00611
0.00526
0.00501
0.00419
0.00417
0.00398
0.00458
0.00481
0.00588
0.00595
0.00689
0.0066
0.00688
0.00649
0.00638
0.00564
0.00525
0.00459
0.00412
0.00381
0.00388
0.00414
0.00475
0.00514
0.00585
0.0065
0.00679
0.00638
0.00558
0.00598
0.00543
0.00522
0.00433
0.00415
0.00369
0.00377
0.00375
0.00451
0.00478
0.00578
0.00583
0.00697
0.0067
0.00683
0.00652
0.00678
0.00646
0.0063
0.00404
0.00438
0.00492
0.00102
0.00282
0.00371
0.00477
0.00487
0.00581
0.00549
0.006
0.00551
0.00577
0.00514
0.00506
0.0043
0.00449
0.00467
0.00794
0.00127
0.00281
0.00393
0.00452
0.00507
0.00529
0.00525
0.00533
0.00521
0.00482
0.00457
0.00396
0.00373
0.00345
0.00355
0.00364
0.00409
0.00415
0.00512
0.00512
0.0059
0.00559
0.00603
0.00524
0.00531
0.00447
0.00456
0.00335
0.00311
0.00303
0.00347
0.00381
0.00437
0.00463
0.00518
0.00545
0.00515
0.00547
0.00518
0.00487
0.0042
0.00397
0.0035
0.00326
0.00309
0.00332
0.00367
0.0043
0.00442
0.00507
0.00518
0.00584
0.00331
0.00408
0.0042
0.00432
0.00373
0.00349
0.00301
0.00306
0.00306
0.00345
0.0038
0.0047
0.00493
0.00541
0.00526
0.00527
0.00504
0.00486
0.00301
0.00291
0.00325
0.00297
0.00311
0.00297
0.0033
0.00354
0.00418
0.00445
0.00546
0.00505
0.00566
0.00511
0.0053
0.00464
0.0044
0.00407
0.00379
0.00333
0.00336
0.00336
0.00368
0.00387
0.00459
0.00484
0.0049
0.00501
0.0049
0.0048
0.00435
0.00424
0.00413
0.00392
0.00335
0.00347
0.00334
0.00385
0.00392
0.0047
0.00491
0.00603
0.00424
0.0043
0.00446
0.00448
0.00384
0.00375
0.00291
0.00292
0.0027
0.00282
0.00319
0.00368
0.00354
0.00357
0.00429
0.00422
0.00429
0.00411
0.00432
0.00371
0.00372
0.00316
0.00305
0.00257
0.00297
0.00284
0.0034
0.00353
0.00441
0.004
0.00469
0.00429
0.00461
0.00448
0.00433
0.00391
0.00358
0.00336
0.00307
0.0031
0.0031
0.00409
0.00491
0.00213
0.00275
0.00375
0.00413
0.00443
0.00392
0.00401
0.00335
0.00364
0.0033
0.00413
0.00226
0.0016
0.00231
0.00324
0.00344
0.00379
0.00416
0.00505
0.00643
0.00318
0.00253
0.00294
0.00301
0.00283
0.0024
0.00234
0.00239
0.00281
0.00329
0.00355
0.00437
0.00425
0.00566
0.00693
7.90682E-4
0.00205
0.00245
0.0025
0.00233
0.00215
0.00208
0.00199
0.00239
0.00233
0.00284
0.00298
0.0031
0.00311
0.00339
0.00328
0.0035
0.00337
0.00275
0.00258
0.00231
0.00217
0.00209
0.00253
0.00257
0.00301
0.00362
0.00389
0.0028
0.00325
0.00318
0.00367
0.00316
0.00304
0.00281
0.0025
0.0022
0.00252
0.00285
0.00296
0.00302
0.00374
0.00457
0.00856
0.00105
0.00191
0.00254
0.00294
0.00253
0.00242
0.00253
0.0021
0.00213
0.0022
0.00257
0.00264
0.00292
0.00278
0.00375
0.00329
0.00365
0.00346
0.00332
0.00299
0.00303
0.00265
0.00309
0.00335
0.00737
0.00109
0.00162
0.00262
0.00316
0.0028
0.00244
0.00292
0.00285
0.00291
0.00325
0.00304
0.00307
0.00279
0.0023
0.00232
0.00241
0.00268
0.00276
0.00339
0.00337
0.00327
0.00404
0.0047
0.0035
0.00328
0.00294
0.00256
0.00222
0.00246
0.00239
0.00237
0.00218
0.00326
0.00319
0.00402
0.00424
0.00435
0.00419
0.00387
0.00421
0.00346
0.00299
0.00295
0.00274
0.00256
0.00266
0.0031
0.00372
0.0038
0.00531
0.00459
0.00653
0.00398
0.00516
0.00496
0.00432
0.00499
0.00433
0.00414
0.00794
0.01139
0.01027
0.00719
0.00217
0.00238
0.00127
7.98209E-4
0.00152
0.00149
0.00183
0.00199
0.0016
0.00163
0.00121
9.29198E-4
0.00138
0.00168
0.00185
0.00272
0.00335
0.00383
0.00372
0.00374
0.00396
0.00326
0.00221
0.00233
0.00188
0.00181
0.00209
0.00261
0.00216
0.00253
0.00205
0.00324
0.0048
0.00377
0.00381
0.0043
0.00308
0.003
0.00329
0.00257
0.0039
0.00293
0.00348
0.00673
0.00393
0.0127
0.00219
4.86376E-4
0.00142
5.95559E-4
0.00157
0.00102
0.00157
9.1096E-4
8.3092E-4
0.00135
0.00112
0.00173
0.00118
0.00193
0.00233
0.00199
0.00227
0.00231
0.0027
0.00215
0.00236
0.00239
0.0017
0.0012
0.00197
0.00143
0.00178
0.00168
0.00243
0.00244
0.00234
0.00195
0.00361
0.00234
0.00771
0.00345
0.00295
9.56806E-4
0.00179
0.00191
0.00128
0.00111
0.00167
0.00163
0.00242
0.00156
0.00148
0.00253
0.01338
0.00213
0.00178
0.00251
0.00422
0.00319
0.0026
0.00234
0.00187
0.00243
0.00334
0.00258
0.00366
0.00376
0.00726
0.01343
0.00835
0.01813
0.00205
0.00391
0.00129
0.00208
0.00208
0.00163
0.00352
0.00185
0.00171
0.00219
0.00352
0.01206
0.00272
0.00415
0.00109
0.00279
0.00216
0.00338
0.00122
0.00323
0.00174
0.0012
4.92201E-4
0.00218
0.00236
0.00164
0.00287
0.00133
0.00387
0.00206
0.00347
0.00369
0.00246
0.00294
0.0037
0.00171
9.43042E-4
0.0032
0.00237
0.00472
0.01005
0.00822
0.00295
0.00717
0.00238
0.00566
0.00381
0.00303
0.00391
0.00257
0.00229
0.0021
0.0015
0.00349
0.00286
0.00667
0.00162
0.00269
0.00319
0.00394
0.00166
0.00278
0.00506
0.00355
0.01604
0.00351
0.00231
0.00192
0.00324
0.00382
0.01109
0.00248
0.00372
0.01965
0.01163
0.00422
0.00313
0.00306
0.00466
0.00245
0.00199
0.00717
0.00441
0.0065
0.01007
0.00896
0.01345
0.01773
0.00528
0.00187
0.00665
0.00228
0.00147
0.0024
0.00137
0.00699
0.00644
0.01164
0.00376
0.00383
0.00733
0.0293
0.00346
0.00521
0.00315
0.00666
0.00392
0.00561
0.00799
0.00471
0.00489
0.00164
0.00587
0.00212
0.00907
0.00374
0.002
0.00381
0.00848
0.00855
0.00539
0.00315
0.01144
0.01255
0.00152
0.00716
0.01622
0.00278
0.00475
0.00203
0.00681
0.00782