0.60085
0.65726
0.73706
0.81787
0.94494
0.99855
0.97472
0.89429
0.73708
0.65254
0.59143
0.54816
0.52288
0.53293
0.53969
0.55152
0.60555
0.66889
0.77498
0.90031
0.99331
0.94542
0.89613
0.78413
0.65968
0.60495
0.56608
0.54558
0.53404
0.53325
0.55782
0.60264
0.67378
0.75642
0.86888
0.95839
0.96542
0.92051
0.80068
0.6987
0.62956
0.56881
0.53843
0.52195
0.51837
0.55883
0.58356
0.65775
0.71614
0.84313
0.9285
0.99686
0.93598
0.83642
0.72618
0.63315
0.57678
0.54575
0.5241
0.52495
0.54471
0.58576
0.63753
0.70284
0.82162
0.9185
0.98802
0.94803
0.86716
0.74511
0.67144
0.6028
0.55645
0.52259
0.53202
0.53955
0.58392
0.60875
0.70752
0.78953
0.91379
0.97696
0.98995
0.88895
0.79166
0.69625
0.6277
0.57534
0.55109
0.53891
0.5451
0.58076
0.609
0.69159
0.77379
0.90194
0.97208
1.00038
0.91319
0.82369
0.70468
0.63931
0.57813
0.56441
0.53853
0.55942
0.55066
0.61857
0.65546
0.76203
0.8537
0.96846
0.99734
0.95142
0.84398
0.72063
0.64912
0.58957
0.5643
0.54269
0.54872
0.54379
0.59562
0.62665
0.7309
0.82482
0.94101
0.99548
0.99695
0.87177
0.77838
0.66694
0.61321
0.55865
0.5615
0.53975
0.57393
0.58808
0.64795
0.7182
0.81277
0.91851
0.99563
0.98181
0.89322
0.79364
0.68258
0.62556
0.56471
0.55649
0.532
0.56913
0.57055
0.65035
0.69003
0.81596
0.89625
1.00898
0.98434
0.94247
0.80113
0.73137
0.63717
0.59799
0.55577
0.55844
0.54267
0.58771
0.61823
0.68779
0.77518
0.88717
0.98132
1.01782
0.96378
0.83556
0.75892
0.64627
0.61862
0.55776
0.56553
0.53848
0.58167
0.58281
0.6764
0.72737
0.87094
0.93555
1.03649
0.9383
0.88183
0.74275
0.67902
0.60564
0.58925
0.5534
0.5622
0.56471
0.61088
0.6537
0.73164
0.84422
0.94004
1.02966
0.99322
0.95025
0.7849
0.74665
0.61925
0.60513
0.5479
0.58206
0.55264
0.62036
0.61859
0.73792
0.786
0.93599
0.96784
1.03996
0.91254
0.84194
0.72404
0.65437
0.6083
0.5752
0.5555
0.56656
0.60367
0.62822
0.70849
0.77061
0.90474
0.95715
1.03471
0.91613
0.87646
0.70697
0.69695
0.59476
0.60739
0.55313
0.59568
0.56859
0.65522
0.66712
0.78427
0.85367
0.99056
1.0035
1.00171
0.87755
0.77299
0.69171
0.61846
0.58981
0.56486
0.57549
0.57325
0.62532
0.64435
0.75605
0.81592
0.96472
0.9805
1.03636
0.85269
0.82609
0.66981
0.65809
0.57429
0.58622
0.54335
0.60216
0.59001
0.67701
0.71805
0.83631
0.91817
1.01484
1.00041
0.94322
0.83023
0.71905
0.66081
0.5884
0.57674
0.55614
0.5836
0.5882
0.67107
0.69069
0.83896
0.8666
1.01728
0.96396
0.98994
0.79673
0.76945
0.62424
0.61377
0.55002
0.57434
0.53063
0.59106
0.59499
0.68789
0.75729
0.85964
0.91964
0.9203
0.96568
0.86962
0.78373
0.69959
0.69338
0.55467
0.57399
0.54727
0.5998
0.59154
0.71095
0.72312
0.90055
0.92821
1.0706
0.95279
0.93848
0.73307
0.7242
0.60719
0.57927
0.51514
0.55968
0.56255
0.62834
0.6591
0.74096
0.85366
0.94225
1.04237
1.00213
0.96012
0.79414
0.75166
0.62689
0.63335
0.55877
0.59073
0.55612
0.61788
0.61338
0.74508
0.77338
0.922
0.94363
1.02608
0.92147
0.88058
0.73553
0.70758
0.62006
0.60846
0.57912
0.58832
0.60066
0.6384
0.69939
0.77086
0.89621
0.96148
1.03209
0.95147
0.89943
0.74167
0.72715
0.59912
0.61529
0.55739
0.60494
0.58574
0.67267
0.65717
0.78692
0.83448
0.99348
0.97859
1.02724
0.8575
0.82543
0.69982
0.67556
0.62035
0.6198
0.60063
0.6297
0.6475
0.70153
0.79333
0.87174
0.99485
1.01802
1.06541
0.90944
0.89075
0.71883
0.72558
0.60848
0.64178
0.58012
0.64322
0.60332
0.67633
0.65557
0.77264
0.84621
1.01006
0.9299
0.95085
0.83839
0.81052
0.68433
0.66369
0.62205
0.61382
0.62491
0.62645
0.6894
0.72039
0.84937
0.88332
1.04289
0.96674
1.00591
0.81577
0.79946
0.62896
0.62018
0.54165
0.58447
0.54414
0.61841
0.62542
0.7504
0.77721
0.92371
0.95717
1.06186
0.98674
0.9332
0.79481
0.70023
0.63844
0.57927
0.57524
0.55313
0.59721
0.61573
0.70609
0.73763
0.88656
0.92603
1.0697
0.96326
0.9768
0.78127
0.76179
0.63134
0.63027
0.57548
0.58705
0.57873
0.64319
0.67524
0.7759
0.86171
0.98979
1.04181
1.06598
0.95594
0.87847
0.77031
0.68133
0.62514
0.58393
0.59683
0.58818
0.65044
0.65787
0.77516
0.82201
0.98325
0.98216
1.09988
0.94743
0.92077
0.73841
0.72262
0.60463
0.59511
0.51979
0.57099
0.54018
0.59581
0.57974
0.63439
0.79633
0.89522
0.78898
2.2776
0.88324
0.85011
0.70786
0.69322
0.62806
0.62418
0.6315
0.61125
0.66762
0.66339
0.7835
0.77215
0.88717
0.80602
0.71754
1.77744
0.93773
0.79309
0.78011
0.63315
0.68704
0.63837
0.68057
0.65637
0.73195
0.75951
0.88782
0.94097
1.04218
1.03036
0.97195
0.86806
0.78046
0.71611
0.63885
0.62841
0.60145
0.61954
0.6059
0.69116
0.70764
0.82446
0.90329
1.09612
1.02013
1.02027
0.86085
0.84946
0.72093
0.72928
0.63383
0.65196
0.62468
0.68877
0.69925
0.78797
0.80175
0.93303
1.01959
1.08361
0.99321
0.90245
0.79649
0.7412
0.69287
0.64664
0.64509
0.82753
0.69133
0.6685
0.79787
0.80795
1.03196
1.01419
1.17094
1.02606
1.04312
0.83235
0.78767
0.64679
0.66817
0.6203
0.67785
0.62093
0.73456
0.87625
0.9285
0.8711
0.99774
0.97941
1.06902
0.96668
0.87992
0.79002
0.67997
0.66806
0.5863
0.66252
0.56661
0.67934
0.62292
0.80005
0.73449
0.89465
0.86037
1.03466
0.8368
0.90434
0.7117
0.72352
0.59255
0.62934
0.58298
0.6346
0.63994
0.68521
0.69215
0.70599
0.81373
0.8865
0.9623
0.88067
0.86305
0.70525
0.74119
0.57983
0.59036
0.56605
0.68851
0.61829
0.72309
0.71708
0.88393
0.95753
1.12335
1.06018
1.1288
0.9289
0.86242
0.76935
0.77262
0.7184
0.70743
0.6931
0.73106
0.72148
0.71845
0.84432
0.89822
1.05789
1.0865
1.02373
0.9235
0.9227
0.72748
0.72358
0.61871
0.64827
0.56976
0.66245
0.62409
0.74108
0.70831
0.85232
0.868
1.0053
0.93369
0.97516
0.78675
0.89789
1.55282
0.65124
0.59124
0.6022
0.62989
0.64504
0.692
0.72546
0.77311
0.80269
0.81915
0.84825
1.43449
1.0296
0.95307
0.75122
0.82328
0.62763
0.68038
0.41798
0.42812
0.79752
0.89115
0.85696
1.10977
1.07585
1.19799
1.03744
1.02743
0.79958
0.72985
0.64307
0.60687
0.65651
0.54284
2.75719
0.88462
1.04955
0.97297
1.19947
1.18914
1.52464
1.2524
1.30513
0.97311
1.0309
0.76782
0.87971
0.70066
0.84075
0.70707
0.83313
0.82223
1.02472
0.98272
1.12906
1.13268
1.20512
1.0526
0.96122
0.92059
0.67779
0.75733
0.77095
0.79992
0.72771
0.78705
0.69036
0.86684
0.86247
1.01066
0.90793
1.06856
0.80529
0.87685
0.66057
0.70347
0.57611
0.47343
1.76513
1.09309
0.89606
0.93087
1.02693
1.01562
1.11864
1.09003
1.22366
1.08765
0.98944
0.82234
0.84838
0.68767
0.74282
0.68091
0.71925
0.65512
0.79387
0.69577
0.83111
0.80003
0.96139
0.76836
0.6405
1.0006
1.15481
0.83092
0.81359
0.6641
0.91605
0.70633
0.78963
0.73163
0.91559
0.7469
0.83663
0.82962
1.05414
1.04699
0.9994
0.96445
0.85459
0.73079
0.64404
0.59926
0.48892
0.61083
0.5253
0.71296
0.67062
0.96087
0.89713
0.99287
0.84265
1.06725
0.95619
0.8813
0.596
0.64987
0.4255
0.40196
0.47508
0.49719
0.56431
0.65786
0.77583
0.61037
0.84992
0.67267
0.76535
0.51133
0.53913
0.41179
0.41528
0.31054
0.31828
0.29628
0.42776
0.3052
0.37832
0.33713
0.40913
0.32285
0.33849
0.19257
0.12848
0.23917
0.1101
0.81922
1.85393
2.74183
1.368
1.51486
1.0777
0.72187
1.11694
1.57287
1.62864
2.14377
1.43765
1.44442
1.04935
0.70072
0.55876
0.51841
0.6021
0.56974
0.56087
0.92766
0.8741
0.77445
1.06769
0.95063
0.76936
0.82527
0.97958
0.75243
0.58936
0.44178
0.66379
0.44541
0.45334
0.28309
0.34309
0.46643
0.78887
0.45077
0.59415
0.62456
0.30811
0.3364
0.25348
0.20104
0.08546
1.67756
1.21199
3.28485
2.32004
1.68585
1.32488
1.62348
2.36312
1.12476
1.93923
0.9589
1.3286
0.8488
0.52181
0.74842
0.82713
0.52682
0.75776
0.43021
0.68838
1.03496
0.6097
0.89005
0.64645
0.73862
0.89245
1.06983
0.55704
0.83064
0.5626
0.25957
0.61878
0.76498
0.36344
0.5491
0.65981
2.21862
1.06881
0.80176
0.91927
1.4449
0.9099
0.72142
0.84542
0.84008
1.27214
0.59807
0.37425
0.5885
0.50101
0.33385
0.53906
0.20983
0.12722
0.14466
0.53234
0.42301
0.62051
0.67065
0.22386
0.42571
0.42382
0.25132
0.34822
0.57709
0.40163
0.78317
0.71521
0.20959
0.82504
0.32969
0.37969
0.23788
0.44859
0.07256
0.66436
0.63528
0.16221
1.03598
0.66386
0.50264
0.73557
0.65265
1.12674
2.1448
1.70037
2.82539
1.96672
0.49596
0.30506
0.35109
1.06665
3.73204
0.41511
0.50959
0.7439
0.55321
0.20579
0.49252
0.65034
1.48774
1.69784
0.59243
0.06092
0.24886
0.42036
0.25792
0.25719
0.47235
0.22575
0.13138
0.55797
0.24279
0.17897
0.21521
0.09316
0.33348
0.69012
0.66064
0.09606
0.10884
0.90049
1.77618
0.2372
0.47305
0.38577
0.42292
0.48668
0.21649
0.45647
0.10284
0.4303
0.10612
0.7788
0.76314
0.82605
0.45046
0.68155
0.68257
0.33978
0.4288
0.38594
0.15464
0.4484
0.23271
0.43243
0.04346
0.24051
0.22373
0.55671
0.21625
0.3865
0.38987
0.53234
0.73276
0.50433
0.6065
0.59547
1.09562
1.64455
0.33632
0.48321
0.3388
0.54671
0.5805
0.49818
0.18017
0.65056
0.5842
1.25464
1.36446
0.73691
0.65672
0.29421
0.5675
1.07937
0.65826
0.08767
0.8339
0.14008
0.30489
0.15136
0.51838
0.44756
0.45204
0.30148
0.81198
0.47182
0.44616
0.66126
0.51983
0.90187
0.17548
0.21335
0.21147
0.12669
0.2332