3.39429
3.38065
3.38033
3.38029
3.40868
3.44478
3.48417
3.5003
3.51928
3.51217
3.50246
3.47956
3.45982
3.44087
3.42662
3.40986
3.39382
3.38314
3.38647
3.4043
3.4295
3.45769
3.48574
3.49524
3.49818
3.48601
3.46678
3.45675
3.44149
3.42886
3.4136
3.40153
3.39495
3.39652
3.4042
3.42065
3.44958
3.47162
3.4853
3.49042
3.47812
3.46561
3.45765
3.44521
3.42604
3.41457
3.4083
3.39966
3.39767
3.40163
3.4178
3.44044
3.46281
3.47701
3.48096
3.47244
3.46544
3.45457
3.4459
3.42867
3.41752
3.40828
3.40394
3.39892
3.40354
3.41585
3.43562
3.45516
3.46862
3.47183
3.47194
3.46555
3.45543
3.44313
3.43164
3.42137
3.4134
3.40775
3.40171
3.40495
3.41367
3.4306
3.44721
3.46257
3.46805
3.46972
3.46154
3.45666
3.44473
3.43614
3.42725
3.41752
3.40989
3.40639
3.40618
3.41458
3.42707
3.44421
3.45764
3.46623
3.46615
3.46328
3.45557
3.4467
3.4394
3.42934
3.42062
3.41332
3.409
3.40719
3.4132
3.42176
3.43883
3.45205
3.46256
3.46352
3.46235
3.45341
3.44917
3.43944
3.4324
3.42317
3.41567
3.41003
3.41079
3.41178
3.42012
3.43312
3.44703
3.4568
3.46098
3.45914
3.45379
3.44842
3.43968
3.43364
3.42598
3.42045
3.41475
3.41323
3.41272
3.42119
3.42993
3.44444
3.45268
3.45854
3.45581
3.4552
3.44658
3.44174
3.43367
3.42763
3.42148
3.41826
3.41421
3.4151
3.42041
3.42898
3.4416
3.45033
3.45554
3.45555
3.45353
3.44755
3.44271
3.43428
3.42922
3.42302
3.41973
3.41533
3.4171
3.41827
3.42771
3.43725
3.44815
3.45334
3.45641
3.45192
3.44884
3.44266
3.43683
3.43058
3.42528
3.42045
3.41747
3.4169
3.41858
3.42657
3.43497
3.44494
3.45091
3.45375
3.45133
3.44863
3.44097
3.43759
3.42914
3.42629
3.41987
3.41865
3.41519
3.41883
3.42261
3.43272
3.44238
3.45022
3.45259
3.45445
3.44908
3.44587
3.43903
3.43367
3.42885
3.42394
3.42047
3.41794
3.41948
3.42197
3.43112
3.44005
3.44827
3.45225
3.45286
3.44869
3.44728
3.43931
3.43615
3.42871
3.4257
3.421
3.42096
3.41898
3.42361
3.42887
3.43874
3.44558
3.45167
3.45069
3.45135
3.44573
3.44222
3.43671
3.431
3.42746
3.42338
3.42137
3.41973
3.42302
3.42651
3.43619
3.44306
3.44982
3.45082
3.45155
3.44605
3.44461
3.43696
3.43438
3.42794
3.42591
3.42142
3.42245
3.42145
3.42675
3.43314
3.44177
3.44684
3.45043
3.4489
3.44727
3.44356
3.43773
3.43454
3.4291
3.4271
3.42298
3.4229
3.4219
3.42675
3.43096
3.43952
3.44483
3.44932
3.44761
3.44812
3.44195
3.44068
3.43523
3.43309
3.42831
3.42569
3.42301
3.42407
3.4262
3.43188
3.43827
3.4448
3.44806
3.44945
3.44729
3.44376
3.44127
3.43591
3.43378
3.42829
3.42666
3.42282
3.42457
3.42469
3.42785
3.42696
3.44261
3.44596
3.44822
3.44478
3.44431
3.44109
3.43957
3.43394
3.43094
3.42779
3.42639
3.42489
3.42694
3.43014
3.43639
3.44285
3.44785
3.44867
3.44686
3.4455
3.44144
3.43379
3.42584
3.43307
3.4297
3.42807
3.42479
3.42748
3.42877
3.43555
3.44049
3.44688
3.44718
3.44874
3.44502
3.44416
3.43714
3.43281
3.43136
3.42939
3.42663
3.42592
3.42641
3.42827
3.43204
3.43755
3.44504
3.4468
3.44836
3.44492
3.44412
3.43898
3.43796
3.4316
3.43117
3.42651
3.42681
3.42491
3.4291
3.43091
3.43844
3.44252
3.44743
3.44616
3.44699
3.44298
3.44108
3.43738
3.43374
3.43125
3.42925
3.42739
3.42577
3.4281
3.4302
3.43698
3.44081
3.44569
3.44611
3.44658
3.44187
3.44235
3.4356
3.43563
3.43021
3.43042
3.42599
3.42737
3.42627
3.43081
3.43507
3.44083
3.44486
3.44758
3.44673
3.44659
3.44327
3.44101
3.43791
3.43469
3.43417
3.43131
3.43049
3.42745
3.43001
3.43283
3.43796
3.43663
3.44277
3.4462
3.44755
3.44317
3.44186
3.43673
3.43591
3.43165
3.43197
3.4298
3.43047
3.43107
3.43551
3.43948
3.44481
3.44596
3.44822
3.44601
3.44424
3.44044
3.43642
3.43406
3.43036
3.42971
3.42698
3.42825
3.42844
3.43311
3.43628
3.4425
3.44477
3.44819
3.44556
3.44585
3.43985
3.43944
3.43438
3.43331
3.42953
3.42936
3.4282
3.42976
3.43075
3.43612
3.43947
3.44404
3.44467
3.44554
3.44402
3.44026
3.43832
3.43496
3.43318
3.43031
3.43008
3.42823
3.42985
3.43062
3.43558
3.43881
3.44391
3.44423
3.44623
3.44293
3.44343
3.43527
3.43361
3.43386
3.4336
3.4301
3.42959
3.42951
3.43184
3.43474
3.43908
3.44292
3.44623
3.44594
3.44514
3.44466
3.44129
3.43847
3.43423
3.43427
3.43074
3.42778
3.41645
3.42457
3.42725
3.41627
3.36455
3.45707
3.45219
3.4504
3.44606
3.44384
3.44255
3.43944
3.43614
3.4351
3.43353
3.43253
3.43312
3.43502
3.43742
3.43032
3.40008
3.4478
3.44861
3.44456
3.44479
3.44053
3.4403
3.4367
3.43647
3.43342
3.43311
3.43232
3.43524
3.43691
3.44201
3.44319
3.446
3.44534
3.44552
3.4423
3.44272
3.4386
3.43725
3.4342
3.43173
3.43228
3.43031
3.42987
3.4336
3.44103
3.44285
3.44582
3.4449
3.44583
3.44272
3.44182
3.43703
3.43769
3.43275
3.43313
3.42967
3.43234
3.43288
3.43618
3.43818
3.44364
3.44382
3.44575
3.44323
3.44442
3.43943
3.43563
3.4294
3.43681
3.43743
3.43391
3.43491
3.43208
3.43694
3.43789
3.44346
3.4448
3.44726
3.4465
3.44671
3.43992
3.43975
3.4351
3.43524
3.42651
3.4299
3.43502
3.43845
3.43792
3.44057
3.44266
3.44624
3.44775
3.44826
3.44622
3.44548
3.44268
3.43885
3.4384
3.43559
3.43475
3.43474
3.43453
3.43361
3.43671
3.43805
3.44281
3.44332
3.44483
3.44192
3.44355
3.44028
3.44029
3.43655
3.43622
3.43296
3.43359
3.43321
3.43484
3.43548
3.43773
3.44002
3.44192
3.44098
3.44264
3.4397
3.43795
3.43084
3.43261
3.43519
3.43216
3.43093
3.42801
3.43233
3.43345
3.43675
3.43896
3.4425
3.43942
3.44108
3.44041
3.44133
3.43748
3.4378
3.4349
3.43591
3.43439
3.43334
3.43186
3.43375
3.43621
3.43947
3.44212
3.44398
3.44331
3.44332
3.44178
3.44007
3.43925
3.43513
3.43634
3.43242
3.43284
3.4313
3.43375
3.43356
3.43791
3.44046
3.44225
3.43421
3.42734
3.44242
3.44261
3.4384
3.43609
3.43313
3.43273
3.43117
3.43306
3.43289
3.43294
3.41709
3.43813
3.44497
3.4439
3.44241
3.43958
3.4403
3.43655
3.43389
3.41338
3.43241
3.43128
3.4311
3.42924
3.43458
3.43629
3.43986
3.44113
3.44335
3.43981
3.44029
3.43598
3.43879
3.4114
3.40884
3.44089
3.43539
3.43313
3.43246
3.43414
3.43631
3.44039
3.44091
3.44151
3.44111
3.44272
3.44184
3.44108
3.43581
3.43614
3.43289
3.43369
3.43193
3.43414
3.43531
3.43708
3.43817
3.44162
3.44274
3.44324
3.4427
3.43728
3.43554
3.43957
3.43574
3.43518
3.43528
3.43428
3.43235
3.43185
3.43898
3.44154
3.44221
3.44006
3.44043
3.44092
3.43847
3.41976
3.41758
3.44106
3.43996
3.43572
3.43531
3.43287
3.43301
3.43626
3.43821
3.4381
3.44148
3.43745
3.44287
3.43866
3.44155
3.43872
3.43873
3.43492
3.43491
3.43517
3.43487
3.43617
3.4393
3.43921
3.4203
3.42542
3.43729
3.4444
3.43972
3.43921
3.43865
3.44147
3.4383
3.43585
3.43727
3.43616
3.4357
3.43329
3.43626
3.43952
3.44047
3.44246
3.44247
3.44099
3.44368
3.44041
3.43754
3.43457
3.43436
3.43335
3.43191
3.43166
3.43471
3.43637
3.43683
3.43637
3.44086
3.44284
3.44416
3.44093
3.44181
3.43879
3.43529
3.43524
3.43141
3.4301
3.43272
3.43438
3.43501
3.43686
3.43978
3.44282
3.44296
3.44022
3.43638
3.43874
3.43359
3.43668
3.43198
3.43579
3.43294
3.43295
3.44166
3.43269
3.42731
3.42264
3.44321
3.45684
3.47718
3.57968
3.44957
3.45291
3.43949
3.4377
3.42968
3.43575
3.43441
3.43906
3.43791
3.43255
3.43318
3.43768
3.44149
3.45093
3.44652
3.44414
3.43571
3.43573
3.42826
3.42807
3.42897
3.43323
3.43161
3.43495
3.44119
3.43978
3.44089
3.43671
3.44294
3.44465
3.43774
3.43498
3.43397
3.44018
3.42951
3.43125
3.43306
3.43717
3.44361
3.44087
3.54884
3.43398
3.31468
3.30255
3.29224
3.34828
3.34145
3.34617
3.43329
3.43695
3.42578
3.42913
3.43391
3.44207
3.43998
3.44264
3.4365
3.44397
3.44216
3.43788
3.4371
3.43319
3.43489
3.43218
3.42838
3.42507
3.42948
3.44017
3.43393
3.44063
3.43553
3.43938
3.44645
3.44262
3.43893
3.43764
3.44056
3.44156
3.44746
3.52546
3.43796
3.42626
3.45537
3.44352
3.44577
3.44078
3.43697
3.44468
3.45295
3.44332
3.45868
3.44707
3.44477
3.44017
3.45529
3.44555
3.4457
3.43903
3.4442
3.43992
3.44635
3.44549
3.45562
3.45492
3.4514
3.44712
3.47424
3.43886
3.43614
3.42991
3.43258
3.43645
3.42492
3.432
3.42633
3.43989
3.446
3.43976
3.4447
3.45247
3.44293
3.35156
3.32146
3.27368
3.22031
3.21106
3.13157
3.04128
3.02798
2.97842
2.93969
2.95463
2.94068
2.86781
2.85862
2.84571
2.86533
2.88294
2.94679
2.93567
2.8707
2.8578
2.85223
2.84679
2.85359
2.86578
2.85843
2.85641
2.84396
2.76586
2.74891
2.74558
2.75733
2.67885
2.65931
2.65617
2.65609
2.66502
2.6606
2.6632
2.66532
2.67028
2.68103
2.675
2.6773
2.67471
2.66047
2.66444
2.66646
2.65511
2.56384
2.57958
2.58544
2.58089
2.58385
2.58521
2.58029
2.50296
2.49627
2.47662
2.41876
2.39732
2.42058
2.3702
2.29027
2.29795
2.29779
2.31229
2.30297
2.30736
2.22777
2.22665
2.21856
2.22166
2.21565
2.21575
2.1488
2.13554
2.13678
2.1273
2.12742
2.11171
2.12155
2.05228
2.04028
2.05063
1.97321
1.95465
1.96196
1.97328
1.98315
1.91095
1.85532
1.85892
1.87845
1.85468
1.7867
1.78478
1.77249
1.78517
1.79855
1.80099
1.80084
1.81011
1.8095
1.81063
1.81184
1.81542
1.80053
1.81125
1.79441
1.81011
1.79889
1.80553
1.82189
1.80417
1.77243
1.72505
1.73462
1.73314
1.73689
1.74117