0.20464
0.20752
0.21041
0.21329
0.21617
0.21905
0.22194
0.22482
0.2277
0.23058
0.23346
0.23635
0.23923
0.24211
0.24499
0.24788
0.25076
0.25364
0.25652
0.2594
0.26229
0.26517
0.26805
0.27093
0.27382
0.2767
0.27958
0.28246
0.28535
0.28823
0.29111
0.29399
0.29687
0.29976
0.30264
0.30552
0.3084
0.31129
0.31417
0.31705
0.31993
0.32281
0.3257
0.32858
0.33146
0.33434
0.33723
0.34011
0.34299
0.34587
0.34876
0.35164
0.35452
0.3574
0.36028
0.36317
0.36605
0.36893
0.37181
0.3747
0.37758
0.38046
0.38334
0.38622
0.38911
0.39199
0.39487
0.39775
0.40064
0.40352
0.4064
0.40928
0.41217
0.41505
0.41793
0.42081
0.42369
0.42658
0.42946
0.43234
0.43522
0.43811
0.44099
0.44387
0.44675
0.44963
0.45252
0.4554
0.45828
0.46116
0.46405
0.46693
0.46981
0.47269
0.47558
0.47846
0.48134
0.48422
0.4871
0.48999
0.49287
0.49575
0.49863
0.50152
0.5044
0.50728
0.51016
0.51305
0.51593
0.51881
0.52169
0.52457
0.52746
0.53034
0.53322
0.5361
0.53899
0.54187
0.54475
0.54763
0.55051
0.5534
0.55628
0.55916
0.56204
0.56493
0.56781
0.57069
0.57357
0.57646
0.57934
0.58222
0.5851
0.58798
0.59087
0.59375
0.59663
0.59951
0.6024
0.60528
0.60816
0.61104
0.61392
0.61681
0.61969
0.62257
0.62545
0.62834
0.63122
0.6341
0.63698
0.63987
0.64275
0.64563
0.64851
0.65139
0.65428
0.65716
0.66004
0.66292
0.66581
0.66869
0.67157
0.67445
0.67733
0.68022
0.6831
0.68598
0.68886
0.69175
0.69463
0.69751
0.70039
0.70328
0.70616
0.70904
0.71192
0.7148
0.71769
0.72057
0.72345
0.72633
0.72922
0.7321
0.73498
0.73786
0.74074
0.74363
0.74651
0.74939
0.75227
0.75516
0.75804
0.76092
0.7638
0.76669
0.76957
0.77245
0.77533
0.77821
0.7811
0.78398
0.78686
0.78974
0.79263
0.79551
0.79839
0.80127
0.80415
0.80704
0.80992
0.8128
0.81568
0.81857
0.82145
0.82433
0.82721
0.8301
0.83298
0.83586
0.83874
0.84162
0.84451
0.84739
0.85027
0.85315
0.85604
0.85892
0.8618
0.86468
0.86756
0.87045
0.87333
0.87621
0.87909
0.88198
0.88486
0.88774
0.89062
0.89351
0.89639
0.89927
0.90215
0.90503
0.90792
0.9108
0.91368
0.91656
0.91945
0.92233
0.92521
0.92809
0.93098
0.93386
0.93674
0.93962
0.9425
0.94539
0.94827
0.95115
0.95403
0.95692
0.9598
0.96268
0.96556
0.96844
0.97133
0.97421
0.97709
0.97997
0.98286
0.98574
0.98862
0.9915
0.99439
0.99727
1.00015
1.00303
1.00591
1.0088
1.01168
1.01456
1.01744
1.02033
1.02321
1.02609
1.02897
1.03185
1.03474
1.03762
1.0405
1.04338
1.04627
1.04915
1.05203
1.05491
1.0578
1.06068
1.06356
1.06644
1.06932
1.07221
1.07509
1.07797
1.08085
1.08374
1.08662
1.0895
1.09238
1.09526
1.09815
1.10103
1.10391
1.10679
1.10968
1.11256
1.11544
1.11832
1.12121
1.12409
1.12697
1.12985
1.13273
1.13562
1.1385
1.14138
1.14426
1.14715
1.15003
1.15291
1.15579
1.15867
1.16156
1.16444
1.16732
1.1702
1.17309
1.17597
1.17885
1.18173
1.18462
1.1875
1.19038
1.19326
1.19614
1.19903
1.20191
1.20479
1.20767
1.21056
1.21344
1.21632
1.2192
1.22208
1.22497
1.22785
1.23073
1.23361
1.2365
1.23938
1.24226
1.24514
1.24803
1.25091
1.25379
1.25667
1.25955
1.26244
1.26532
1.2682
1.27108
1.27397
1.27685
1.27973
1.28261
1.28549
1.28838
1.29126
1.29414
1.29702
1.29991
1.30279
1.30567
1.30855
1.31144
1.31432
1.3172
1.32008
1.32296
1.32585
1.32873
1.33161
1.33449
1.33738
1.34026
1.34314
1.34602
1.3489
1.35179
1.35467
1.35755
1.36043
1.36332
1.3662
1.36908
1.37196
1.37485
1.37773
1.38061
1.38349
1.38637
1.38926
1.39214
1.39502
1.3979
1.40079
1.40367
1.40655
1.40943
1.41232
1.4152
1.41808
1.42096
1.42384
1.42673
1.42961
1.43249
1.43537
1.43826
1.44114
1.44402
1.4469
1.44978
1.45267
1.45555
1.45843
1.46131
1.4642
1.46708
1.46996
1.47284
1.47573
1.47861
1.48149
1.48437
1.48725
1.49014
1.49302
1.4959
1.49878
1.50167
1.50455
1.50743
1.51031
1.51319
1.51608
1.51896
1.52184
1.52472
1.52761
1.53049
1.53337
1.53625
1.53914
1.54202
1.5449
1.54778
1.55066
1.55355
1.55643
1.55931
1.56219
1.56508
1.56796
1.57084
1.57372
1.5766
1.57949
1.58237
1.58525
1.58813
1.59102
1.5939
1.59678
1.59966
1.60255
1.60543
1.60831
1.61119
1.61407
1.61696
1.61984
1.62272
1.6256
1.62849
1.63137
1.63425
1.63713
1.64001
1.6429
1.64578
1.64866
1.65154
1.65443
1.65731
1.66019
1.66307
1.66596
1.66884
1.67172
1.6746
1.67748
1.68037
1.68325
1.68613
1.68901
1.6919
1.69478
1.69766
1.70054
1.70342
1.70631
1.70919
1.71207
1.71495
1.71784
1.72072
1.7236
1.72648
1.72937
1.73225
1.73513
1.73801
1.74089
1.74378
1.74666
1.74954
1.75242
1.75531
1.75819
1.76107
1.76395
1.76683
1.76972
1.7726
1.77548
1.77836
1.78125
1.78413
1.78701
1.78989
1.79278
1.79566
1.79854
1.80142
1.8043
1.80719
1.81007
1.81295
1.81583
1.81872
1.8216
1.82448
1.82736
1.83025
1.83313
1.83601
1.83889
1.84177
1.84466
1.84754
1.85042
1.8533
1.85619
1.85907
1.86195
1.86483
1.86771
1.8706
1.87348
1.87636
1.87924
1.88213
1.88501
1.88789
1.89077
1.89366
1.89654
1.89942
1.9023
1.90518
1.90807
1.91095
1.91383
1.91671
1.9196
1.92248
1.92536
1.92824
1.93112
1.93401
1.93689
1.93977
1.94265
1.94554
1.94842
1.9513
1.95418
1.95707
1.95995
1.96283
1.96571
1.96859
1.97148
1.97436
1.97724
1.98012
1.98301
1.98589
1.98877
1.99165
1.99453
1.99742
2.0003
2.00318
2.00606
2.00895
2.01183
2.01471
2.01759
2.02048
2.02336
2.02624
2.02912
2.032
2.03489
2.03777
2.04065
2.04353
2.04642
2.0493
2.05218
2.05506
2.05794
2.06083
2.06371
2.06659
2.06947
2.07236
2.07524
2.07812
2.081
2.08389
2.08677
2.08965
2.09253
2.09541
2.0983
2.10118
2.10406
2.10694
2.10983
2.11271
2.11559
2.11847
2.12135
2.12424
2.12712
2.13
2.13288
2.13577
2.13865
2.14153
2.14441
2.1473
2.15018
2.15306
2.15594
2.15882
2.16171
2.16459
2.16747
2.17035
2.17324
2.17612
2.179
2.18188
2.18476
2.18765
2.19053
2.19341
2.19629
2.19918
2.20206
2.20494
2.20782
2.21071
2.21359
2.21647
2.21935
2.22223
2.22512
2.228
2.23088
2.23376
2.23665
2.23953
2.24241
2.24529
2.24817
2.25106
2.25394
2.25682
2.2597
2.26259
2.26547
2.26835
2.27123
2.27412
2.277
2.27988
2.28276
2.28564
2.28853
2.29141
2.29429
2.29717
2.30006
2.30294
2.30582
2.3087
2.31159
2.31447
2.31735
2.32023
2.32311
2.326
2.32888
2.33176
2.33464
2.33753
2.34041
2.34329
2.34617
2.34905
2.35194
2.35482
2.3577
2.36058
2.36347
2.36635
2.36923
2.37211
2.375
2.37788
2.38076
2.38364
2.38652
2.38941
2.39229
2.39517
2.39805
2.40094
2.40382
2.4067
2.40958
2.41246
2.41535
2.41823
2.42111
2.42399
2.42688
2.42976
2.43264
2.43552
2.43841
2.44129
2.44417
2.44705
2.44993
2.45282
2.4557
2.45858
2.46146
2.46435
2.46723
2.47011
2.47299
2.47587
2.47876
2.48164
2.48452
2.4874
2.49029
2.49317
2.49605
2.49893
2.50182
2.5047
2.50758
2.51046
2.51334
2.51623
2.51911
2.52199
2.52487
2.52776
2.53064
2.53352
2.5364
2.53928
2.54217
2.54505
2.54793
2.55081
2.5537
2.55658
2.55946
2.56234
2.56523
2.56811
2.57099
2.57387
2.57675
2.57964
2.58252
2.5854
2.58828
2.59117
2.59405
2.59693
2.59981
2.60269
2.60558
2.60846
2.61134
2.61422
2.61711
2.61999
2.62287
2.62575
2.62864
2.63152
2.6344
2.63728
2.64016
2.64305
2.64593
2.64881
2.65169
2.65458
2.65746
2.66034
2.66322
2.6661
2.66899
2.67187
2.67475
2.67763
2.68052
2.6834
2.68628
2.68916
2.69205
2.69493
2.69781
2.70069
2.70357
2.70646
2.70934
2.71222
2.7151
2.71799
2.72087
2.72375
2.72663
2.72951
2.7324
2.73528
2.73816
2.74104
2.74393
2.74681
2.74969
2.75257
2.75546
2.75834
2.76122
2.7641
2.76698
2.76987
2.77275
2.77563
2.77851
2.7814
2.78428
2.78716
2.79004
2.79293
2.79581
2.79869
2.80157
2.80445
2.80734
2.81022
2.8131
2.81598
2.81887
2.82175
2.82463
2.82751
2.83039
2.83328
2.83616
2.83904
2.84192
2.84481
2.84769
2.85057
2.85345
2.85634
2.85922
2.8621
2.86498
2.86786
2.87075
2.87363
2.87651
2.87939
2.88228
2.88516
2.88804
2.89092
2.8938
2.89669
2.89957
2.90245
2.90533
2.90822
2.9111
2.91398
2.91686
2.91975
2.92263
2.92551
2.92839
2.93127
2.93416
2.93704
2.93992
2.9428
2.94569
2.94857
2.95145
2.95433
2.95721
2.9601
2.96298
2.96586
2.96874
2.97163
2.97451
2.97739
2.98027
2.98316
2.98604
2.98892
2.9918
2.99468
2.99757
3.00045
3.00333
3.00621
3.0091
3.01198
3.01486
3.01774
3.02062
3.02351
3.02639
3.02927
3.03215
3.03504
3.03792
3.0408
3.04368
3.04657
3.04945
3.05233
3.05521
3.05809
3.06098
3.06386
3.06674
3.06962
3.07251
3.07539
3.07827
3.08115
3.08403
3.08692
3.0898
3.09268
3.09556
3.09845
3.10133
3.10421
3.10709
3.10998
3.11286
3.11574
3.11862
3.1215
3.12439
3.12727
3.13015
3.13303
3.13592
3.1388
3.14168
3.14456
3.14744
3.15033
3.15321
3.15609
3.15897
3.16186
3.16474
3.16762
3.1705
3.17339
3.17627
3.17915
3.18203
3.18491
3.1878
3.19068
3.19356
3.19644
3.19933
3.20221
3.20509
3.20797
3.21086
3.21374
3.21662
3.2195
3.22238
3.22527
3.22815
3.23103
3.23391
3.2368
3.23968
3.24256
3.24544
3.24832
3.25121
3.25409
3.25697
3.25985
3.26274
3.26562
3.2685
3.27138
3.27427
3.27715
3.28003
3.28291
3.28579
3.28868
3.29156
3.29444
3.29732
3.30021
3.30309
3.30597
3.30885
3.31173
3.31462
3.3175
3.32038
3.32326
3.32615
3.32903
3.33191
3.33479
3.33768
3.34056
3.34344
3.34632