8.63635
8.55164
8.41022
8.26759
7.99712
7.68804
7.35945
7.13496
6.89507
6.77807
6.67455
6.63706
6.58664
6.53455
6.46081
6.40166
6.34082
6.25363
6.09291
5.85348
5.57167
5.27038
4.9665
4.76384
4.59736
4.51762
4.48036
4.39137
4.33461
4.26396
4.21072
4.13977
4.03635
3.88291
3.69079
3.44199
3.1111
2.82134
2.58362
2.40076
2.33332
2.26868
2.17473
2.11242
2.09796
2.03224
1.93143
1.8481
1.71839
1.54606
1.2846
0.97386
0.66248
0.40911
0.23086
0.14649
0.0515
-0.01298
-0.09305
-0.10547
-0.16348
-0.23534
-0.34523
-0.44909
-0.6304
-0.87496
-1.18232
-1.49017
-1.74969
-1.9247
-2.07397
-2.16778
-2.2289
-2.26996
-2.31655
-2.37243
-2.44743
-2.54203
-2.63247
-2.80569
-3.02892
-3.3281
-3.62633
-3.91498
-4.11374
-4.27736
-4.34846
-4.44991
-4.48343
-4.54763
-4.60796
-4.65894
-4.72942
-4.83954
-4.98178
-5.20982
-5.47976
-5.79808
-6.08077
-6.31584
-6.46294
-6.58123
-6.64901
-6.70371
-6.77386
-6.81397
-6.86713
-6.93434
-7.03275
-7.15775
-7.36742
-7.60562
-7.93821
-8.23047
-8.49416
-8.65262
-8.78719
-8.83413
-8.93319
-8.9692
-9.03489
-9.07457
-9.13301
-9.21233
-9.36573
-9.52199
-9.7653
-10.06483
-10.37682
-10.64081
-10.8386
-10.9639
-11.04628
-11.12775
-11.16715
-11.23887
-11.28974
-11.36619
-11.44003
-11.56565
-11.70394
-11.95643
-12.21335
-12.54528
-12.7982
-13.02134
-13.13322
-13.27251
-13.30659
-13.38955
-13.42903
-13.49456
-13.5579
-13.6599
-13.75031
-13.90714
-14.12439
-14.38666
-14.70573
-14.97274
-15.19182
-15.33936
-15.4584
-15.52167
-15.60022
-15.62741
-15.7015
-15.7587
-15.85683
-15.93868
-16.10906
-16.27113
-16.55378
-16.83894
-17.14538
-17.36883
-17.5615
-17.64207
-17.74306
-17.79737
-17.85615
-17.90782
-17.97311
-18.04496
-18.14464
-18.28087
-18.4517
-18.72052
-18.9965
-19.29807
-19.5382
-19.72987
-19.83897
-19.94319
-19.9683
-20.06089
-20.07174
-20.17162
-20.21359
-20.33894
-20.42776
-20.63207
-20.83907
-21.15052
-21.45583
-21.73206
-21.91841
-22.09659
-22.15397
-22.24687
-22.27838
-22.33402
-22.39812
-22.46024
-22.54634
-22.64812
-22.81962
-23.00781
-23.31167
-23.61289
-23.90268
-24.11935
-24.27714
-24.35079
-24.47257
-24.47784
-24.56799
-24.58101
-24.6728
-24.73377
-24.8782
-24.98748
-25.21677
-25.45813
-25.7844
-26.05624
-26.31506
-26.44399
-26.60332
-26.64574
-26.72701
-26.77037
-26.80945
-26.88853
-26.95696
-27.06431
-27.17842
-27.38621
-27.59838
-27.92969
-28.20815
-28.48537
-28.65167
-28.81276
-28.85277
-28.97128
-28.96787
-29.06331
-29.08207
-29.18756
-29.24391
-29.40982
-29.53505
-29.78654
-30.06059
-30.38048
-30.62939
-30.84898
-30.96488
-31.07843
-31.14937
-31.17639
-31.25692
-31.29082
-31.39495
-31.45509
-31.5987
-31.72321
-31.97012
-32.20409
-32.53014
-32.78847
-33.03017
-33.14079
-33.29864
-33.31359
-33.43302
-33.46233
-33.56223
-33.60495
-33.69392
-33.78133
-33.94966
-34.14153
-34.41152
-34.69762
-34.98769
-35.20625
-35.3838
-35.48289
-35.55115
-35.64211
-35.66861
-35.76696
-35.78945
-35.8984
-35.95723
-36.14224
-36.29028
-36.50778
-36.63307
-37.13736
-37.36065
-37.55961
-37.62702
-37.76279
-37.83462
-37.94565
-37.96071
-38.03646
-38.10834
-38.22117
-38.33129
-38.52526
-38.74667
-39.0409
-39.34071
-39.60665
-39.77321
-39.87654
-39.99059
-40.03933
-40.00089
-39.95424
-40.27557
-40.33931
-40.4452
-40.51074
-40.72204
-40.89942
-41.21218
-41.48055
-41.78527
-41.93936
-42.12492
-42.17902
-42.30428
-42.27472
-42.31223
-42.4215
-42.51775
-42.59347
-42.72103
-42.87901
-43.072
-43.31392
-43.60097
-43.93968
-44.13142
-44.31847
-44.37658
-44.50244
-44.51545
-44.63514
-44.61566
-44.75017
-44.77387
-44.92731
-45.02287
-45.27894
-45.47237
-45.81804
-46.07257
-46.3499
-46.46273
-46.63174
-46.6711
-46.76661
-46.81323
-46.86118
-46.93978
-47.0315
-47.12653
-47.22809
-47.43722
-47.64037
-47.97189
-48.22344
-48.50405
-48.6624
-48.82217
-48.8385
-48.99832
-48.9567
-49.10377
-49.09824
-49.25013
-49.27134
-49.45583
-49.57036
-49.84412
-50.11048
-50.4202
-50.68103
-50.90514
-51.02774
-51.17063
-51.22222
-51.30361
-51.36098
-51.41415
-51.54526
-51.60838
-51.7305
-51.7877
-52.00814
-52.23617
-52.5323
-52.63939
-52.96619
-53.2137
-53.40029
-53.41747
-53.52543
-53.5194
-53.64131
-53.66027
-53.81562
-53.89675
-54.0626
-54.22651
-54.50578
-54.77163
-55.07933
-55.26082
-55.47605
-55.55566
-55.64854
-55.67901
-55.70254
-55.77615
-55.80881
-55.93443
-55.99605
-56.18088
-56.3324
-56.62303
-56.86718
-57.20711
-57.42454
-57.67804
-57.74239
-57.89835
-57.8564
-57.98991
-57.97639
-58.08874
-58.11489
-58.25537
-58.36408
-58.55952
-58.73668
-59.05441
-59.30774
-59.60085
-59.76772
-59.94232
-60.03984
-60.06508
-60.14838
-60.18565
-60.27395
-60.32637
-60.46461
-60.54998
-60.74869
-60.91955
-61.22861
-61.48102
-61.79549
-61.95289
-62.16554
-62.2028
-62.36602
-62.24094
-62.3317
-62.48594
-62.62336
-62.65186
-62.78033
-62.9236
-63.14786
-63.39163
-63.68458
-63.96093
-64.21985
-64.35668
-64.47612
-64.60645
-64.63784
-64.68765
-64.68851
-64.83586
-64.86029
-64.90407
-64.65849
-65.08418
-65.32271
-65.08703
-63.4323
-66.79888
-66.77582
-66.86023
-66.85506
-66.92393
-67.02511
-67.06225
-67.09237
-67.20163
-67.29225
-67.40257
-67.56934
-67.78304
-68.01455
-67.90735
-66.97209
-68.82483
-69.00071
-69.00205
-69.15727
-69.15024
-69.2883
-69.30436
-69.44212
-69.47785
-69.61239
-69.72966
-69.982
-70.18902
-70.5221
-70.71174
-70.96138
-71.08386
-71.23723
-71.26514
-71.42724
-71.42121
-71.51752
-71.55026
-71.60446
-71.77084
-71.84334
-71.9725
-72.25803
-72.68258
-72.89725
-73.15537
-73.26748
-73.44936
-73.47855
-73.59106
-73.55566
-73.72717
-73.68542
-73.84589
-73.85958
-74.10735
-74.27404
-74.54664
-74.76951
-75.12569
-75.27912
-75.49999
-75.54938
-75.74214
-75.69552
-75.69442
-75.59801
-76.03251
-76.20265
-76.2114
-76.39675
-76.43198
-76.76826
-76.95181
-77.31726
-77.51646
-77.76034
-77.87724
-78.03226
-77.90976
-78.04921
-78.01069
-78.16247
-77.96006
-78.24144
-78.59192
-78.87548
-79.00019
-79.25292
-79.48355
-79.77432
-79.98216
-80.14967
-80.21376
-80.33062
-80.36358
-80.35436
-80.48236
-80.51381
-80.62587
-80.77153
-80.90891
-81.01697
-81.29044
-81.49162
-81.83431
-82.00177
-82.21067
-82.23694
-82.45112
-82.46162
-82.60867
-82.59928
-82.7317
-82.74174
-82.91409
-83.04403
-83.25821
-83.43112
-83.67192
-83.9146
-84.14118
-84.24787
-84.46443
-84.4868
-84.55858
-84.40319
-84.62395
-84.87974
-84.89679
-84.98991
-85.01112
-85.3415
-85.53578
-85.8235
-86.06452
-86.36333
-86.37681
-86.59505
-86.71248
-86.89883
-86.87838
-87.03843
-87.05853
-87.24824
-87.3282
-87.42856
-87.50966
-87.73823
-87.99209
-88.28143
-88.54434
-88.77273
-88.88991
-89.03689
-89.11541
-89.18613
-89.29625
-89.25934
-89.45928
-89.43081
-89.5957
-89.67285
-89.92826
-90.06583
-90.40635
-90.66714
-90.89381
-90.67887
-90.51538
-91.3413
-91.49645
-91.45234
-91.49385
-91.50604
-91.63354
-91.70887
-91.94044
-92.07892
-92.22724
-91.64869
-92.75657
-93.21608
-93.31386
-93.39186
-93.40801
-93.58744
-93.56117
-93.58424
-92.78171
-93.80781
-93.90126
-94.03876
-94.09838
-94.49236
-94.71833
-95.03105
-95.23666
-95.48685
-95.46779
-95.63633
-95.58057
-95.85863
-94.71547
-94.73908
-96.39665
-96.28298
-96.32246
-96.43644
-96.66199
-96.91118
-97.25136
-97.42242
-97.5977
-97.7248
-97.94851
-98.05284
-98.16296
-98.05645
-98.21841
-98.20827
-98.39272
-98.4535
-98.70628
-98.90877
-99.1408
-99.33988
-99.6534
-99.85436
-100.0249
-100.14553
-100.02744
-100.08898
-100.43202
-100.39074
-100.50929
-100.66062
-100.75758
-100.80858
-100.92957
-101.42716
-101.69991
-101.87934
-101.91946
-102.08416
-102.25516
-102.27979
-101.49548
-101.53207
-102.84766
-102.93937
-102.87338
-102.99924
-103.02293
-103.17627
-103.485
-103.72913
-103.87008
-104.18666
-104.12973
-104.54964
-104.48318
-104.77585
-104.77906
-104.92597
-104.87825
-105.02397
-105.18356
-105.31416
-105.52642
-105.83241
-105.97441
-105.15175
-105.55972
-106.31489
-106.8263
-106.73215
-106.8522
-106.96978
-107.26147
-107.24417
-107.26381
-107.48321
-107.57164
-107.69386
-107.71471
-108.01528
-108.33159
-108.52739
-108.77797
-108.92482
-108.99394
-109.28154
-109.25636
-109.25163
-109.2417
-109.377
-109.46966
-109.53958
-109.67221
-109.9794
-110.21338
-110.38391
-110.50555
-110.89052
-111.1422
-111.3591
-111.33354
-111.52691
-111.51186
-111.47114
-111.61413
-111.55528
-111.63063
-111.91738
-112.1524
-112.33251
-112.57808
-112.88192
-113.19252
-113.3468
-113.34509
-113.28279
-113.55727
-113.42343
-113.73772
-113.62796
-113.98173
-113.97229
-114.11878
-114.74119
-114.39613
-114.24718
-114.13629
-115.41209
-116.3084
-117.57588
-123.37508
-116.34919
-116.68066
-116.08565
-116.13308
-115.83439
-116.31691
-116.3888
-116.79358
-116.87575
-116.72323
-116.9041
-117.30176
-117.6606
-118.33554
-118.23557
-118.24857
-117.92202
-118.06951
-117.79522
-117.92997
-118.12672
-118.51264
-118.567
-118.90194
-119.40105
-119.46787
-119.67712
-119.58606
-120.08677
-120.33056
-120.08343
-120.07215
-120.16062
-120.66145
-120.19731
-120.44249
-120.69212
-121.07396
-121.5905
-121.57941
-127.94315
-121.47473
-114.73698
-114.17489
-113.71693
-117.09799
-116.84329
-117.25764
-122.45695
-122.81541
-122.31214
-122.65278
-123.07705
-123.69908
-123.72346
-124.02577
-123.81278
-124.3967
-124.43668
-124.33194
-124.43257
-124.34855
-124.59442
-124.58075
-124.50253
-124.45285
-124.85921
-125.63741
-125.41413
-125.9577
-125.80126
-126.17632
-126.74327
-126.66146
-126.58806
-126.65726
-126.97837
-127.18436
-127.68432
-132.50505
-127.40788
-126.85174
-128.7466
-128.18139
-128.46318
-128.30881
-128.22569
-128.83766
-129.48444
-129.04846
-130.12541
-129.56876
-129.57637
-129.44331
-130.5091
-130.06351
-130.21958
-129.95922
-130.42117
-130.30626
-130.84622
-130.9402
-131.70756
-131.81193
-131.74298
-131.62712
-133.4432
-131.41209
-131.39035
-131.15215
-131.46246
-131.84794
-131.28011
-131.86459
-131.65894
-132.64618
-133.17225
-132.93076
-133.3847
-134.01567
-133.56752
-128.00835
-126.26792
-123.41788
-120.2124
-119.76569
-114.91052
-109.36778
-108.65447
-105.65754
-103.33654
-104.39495
-103.63202
-99.14527
-98.67624
-97.97077
-99.32423
-100.55281
-104.71822
-104.12832
-100.11367
-99.405
-99.16141
-98.9253
-99.47014
-100.36014
-100.00201
-99.98422
-99.2984
-94.40045
-93.41884
-93.30965
-94.16997
-89.2242
-88.06603
-87.96295
-88.05748
-88.73331
-88.54726
-88.8154
-89.0522
-89.4743
-90.27212
-89.98092
-90.23105
-90.16298
-89.33614
-89.69444
-89.92623
-89.28428
-83.41658
-84.54037
-85.0187
-84.81526
-85.10468
-85.28896
-85.0608
-80.06704
-79.71621
-78.51077
-74.78116
-73.45087
-75.07199
-71.82368
-66.61307
-67.19906
-67.26642
-68.30742
-67.76631
-68.13696
-62.91597
-62.91495
-62.44861
-62.72861
-62.40014
-62.48021
-58.07108
-57.25161
-57.40309
-56.835
-56.9106
-55.92156
-56.65063
-52.05173
-51.30579
-52.06675
-46.89999
-45.70398
-46.25601
-47.08047
-47.80745
-42.96806
-39.24555
-39.54141
-40.92123
-39.35602
-34.77451
-34.69095
-33.89903
-34.81187
-35.77357
-35.98896
-36.02649
-36.71039
-36.71707
-36.84314
-36.97484
-37.26993
-36.29331
-37.08027
-35.96711
-37.09903
-36.37218
-36.87907
-38.06037
-36.88193
-34.72887
-31.48696
-32.1951
-32.13641
-32.44132
-32.78348