0.21384
0.23522
0.25661
0.27799
0.29938
0.32076
0.34214
0.36353
0.38491
0.4063
0.42768
0.44906
0.47045
0.49183
0.51322
0.5346
0.55598
0.57737
0.59875
0.62013
0.64152
0.6629
0.68429
0.70567
0.72705
0.74844
0.76982
0.79121
0.81259
0.83397
0.85536
0.87674
0.89813
0.91951
0.94089
0.96228
0.98366
1.00505
1.02643
1.04781
1.0692
1.09058
1.11197
1.13335
1.15473
1.17612
1.1975
1.21889
1.24027
1.26165
1.28304
1.30442
1.32581
1.34719
1.36857
1.38996
1.41134
1.43273
1.45411
1.47549
1.49688
1.51826
1.53965
1.56103
1.58241
1.6038
1.62518
1.64657
1.66795
1.68933
1.71072
1.7321
1.75349
1.77487
1.79625
1.81764
1.83902
1.8604
1.88179
1.90317
1.92456
1.94594
1.96732
1.98871
2.01009
2.03148
2.05286
2.07424
2.09563
2.11701
2.1384
2.15978
2.18116
2.20255
2.22393
2.24532
2.2667
2.28808
2.30947
2.33085
2.35224
2.37362
2.395
2.41639
2.43777
2.45916
2.48054
2.50192
2.52331
2.54469
2.56608
2.58746
2.60884
2.63023
2.65161
2.673
2.69438
2.71576
2.73715
2.75853
2.77992
2.8013
2.82268
2.84407
2.86545
2.88684
2.90822
2.9296
2.95099
2.97237
2.99376
3.01514
3.03652
3.05791
3.07929
3.10067
3.12206
3.14344
3.16483
3.18621
3.20759
3.22898
3.25036
3.27175
3.29313
3.31451
3.3359
3.35728
3.37867
3.40005
3.42143
3.44282
3.4642
3.48559
3.50697
3.52835
3.54974
3.57112
3.59251
3.61389
3.63527
3.65666
3.67804
3.69943
3.72081
3.74219
3.76358
3.78496
3.80635
3.82773
3.84911
3.8705
3.89188
3.91327
3.93465
3.95603
3.97742
3.9988
4.02019
4.04157
4.06295
4.08434
4.10572
4.12711
4.14849
4.16987
4.19126
4.21264
4.23402
4.25541
4.27679
4.29818
4.31956
4.34094
4.36233
4.38371
4.4051
4.42648
4.44786
4.46925
4.49063
4.51202
4.5334
4.55478
4.57617
4.59755
4.61894
4.64032
4.6617
4.68309
4.70447
4.72586
4.74724
4.76862
4.79001
4.81139
4.83278
4.85416
4.87554
4.89693
4.91831
4.9397
4.96108
4.98246
5.00385
5.02523
5.04662
5.068
5.08938
5.11077
5.13215
5.15354
5.17492
5.1963
5.21769
5.23907
5.26046
5.28184
5.30322
5.32461
5.34599
5.36738
5.38876
5.41014
5.43153
5.45291
5.47429
5.49568
5.51706
5.53845
5.55983
5.58121
5.6026
5.62398
5.64537
5.66675
5.68813
5.70952
5.7309
5.75229
5.77367
5.79505
5.81644
5.83782
5.85921
5.88059
5.90197
5.92336
5.94474
5.96613
5.98751
6.00889
6.03028
6.05166
6.07305
6.09443
6.11581
6.1372
6.15858
6.17997
6.20135
6.22273
6.24412
6.2655
6.28689
6.30827
6.32965
6.35104
6.37242
6.39381
6.41519
6.43657
6.45796
6.47934
6.50073
6.52211
6.54349
6.56488
6.58626
6.60764
6.62903
6.65041
6.6718
6.69318
6.71456
6.73595
6.75733
6.77872
6.8001
6.82148
6.84287
6.86425
6.88564
6.90702
6.9284
6.94979
6.97117
6.99256
7.01394
7.03532
7.05671
7.07809
7.09948
7.12086
7.14224
7.16363
7.18501
7.2064
7.22778
7.24916
7.27055
7.29193
7.31332
7.3347
7.35608
7.37747
7.39885
7.42024
7.44162
7.463
7.48439
7.50577
7.52716
7.54854
7.56992
7.59131
7.61269
7.63408
7.65546
7.67684