-8.94398
-9.19367
-9.48246
-9.75191
-10.01253
-10.25174
-10.5492
-10.82365
-11.08697
-11.33212
-11.60998
-11.89301
-12.13151
-12.3906
-12.64417
-12.90112
-13.12957
-13.41798
-13.696
-13.94626
-14.20365
-14.44679
-14.71174
-14.96834
-15.19748
-15.44403
-15.73814
-15.98137
-16.19514
-16.43526
-16.67692
-16.91046
-17.16793
-17.39922
-17.66368
-17.88765
-18.133
-18.3696
-18.61177
-18.82929
-19.02834
-19.21145
-19.63629
-19.8517
-19.89875
-20.45516
-20.56776
-20.85259
-21.10277
-21.27279
-21.55355
-21.75823
-21.99974
-22.14929
-22.51116
-22.71867
-22.92996
-23.23903
-23.51014
-23.75558
-23.90551
-24.18466
-24.36741
-24.65963
-24.75594
-24.91721
-25.2832
-25.41921
-24.49367
-26.18327
-26.1439
-26.69015
-26.94881
-27.03682
-27.19327
-27.59132
-27.80256
-27.88037
-28.18521
-28.52971
-28.64802
-28.92695
-29.2353
-29.44747
-29.70017
-29.72669
-29.98505
-30.22667
-30.55378
-30.45987
-30.86637
-30.88341
-31.35381
-31.34058
-32.00741
-32.05686
-31.76134
-32.6136
-32.94564
-32.82496
-33.08124
-33.56518
-33.40887
-33.56698
-33.99981
-34.58079
-34.71617
-34.56886
-35.0808
-35.51172
-35.42756
-35.93744
-36.30492
-35.53837
-36.83344
-30.73851
-31.32173
-30.90942
-30.42628
-25.25382
-26.09933
-25.51354
-26.09204
-25.7152
-26.08173
-25.27571
-20.89741
-20.86641
-19.69691
-18.79089
-15.15261
-19.72347
-21.26844
-22.9407
-23.80377
-23.01966
-22.46664
-24.92037
-24.88139
-24.86887
-19.31719
-19.22657
-19.32612
-20.61584
-20.89701
-19.81957
-20.7665
-21.42406
-20.79203
-20.5438
-21.69238
-22.96338
-25.27127
-27.92128
-29.38091
-31.09119
-30.30853
-35.41762
-37.24079
-37.33325
-40.3975
-41.84066
-44.23342
-44.88489
-45.25248
-49.84047
-50.62469
-52.57977
-54.07068
-56.05561
-58.12215
-58.97408
-60.91191
-63.78213
-64.57554
-66.41954
-69.76244
-71.11327
-71.59665
-73.49779
-72.3223
-71.17265
-73.22816
-74.34615
-75.48848
-78.60768
-80.92886
-81.09617
-82.25991
-87.46571
-88.63032
-88.71139
-90.07777
-84.60047
-88.29045
-90.18745
-85.90785
-86.36168
-90.75337
-89.25738
-86.30772
-89.26368
-92.27879
-92.75526
-94.59385
-94.6217
-96.98348
-100.61211
-102.84175
-101.50549
-99.71017
-102.18441
-102.34258
-105.15423
-102.77537
-105.65246
-109.75295
-112.80466
-111.42018
-114.9264
-118.91773
-118.8381
-119.68033
-123.22833
-127.17435
-125.29754
-127.2013
-127.20531
-125.95298
-126.78775
-127.14836
-128.97011
-127.36638
-127.48827
-128.43617
-130.35722
-134.38826
-134.38222
-136.63378
-135.75176
-135.14059
-135.93338
-136.75006
-137.74524
-142.29567
-143.68812
-143.90132
-145.19009
-150.03491
-150.73873
-151.94146
-151.97777
-157.71132
-157.98127
-158.36973
-159.03966
-163.73777
-164.23092
-165.65225
-167.08618
-168.49612
-172.03104
-171.78107
-174.12618
-176.66651
-180.21998
-180.27057
-181.28059
-181.93113
-185.50525
-187.11167
-188.37223
-187.89239
-192.87279
-193.57682
-195.20906
-195.86454
-199.35617
-201.26504
-201.98425
-204.40774
-204.78463
-203.82412
-203.31978
-204.63567
-204.77816
-208.12623
-210.47287
-211.29587
-212.73744
-216.14759
-218.16289
-219.04141
-220.40352
-219.86575
-218.85587
-220.12371
-219.26192
-221.51027
-226.65556
-226.00468
-228.41339
-232.20944
-235.14802
-232.86197
-229.77152
-229.47944
-232.76381
-230.88745
-231.63501
-231.10795
-231.26069
-231.52627
-232.05874
-232.58112
-232.64874
-232.0649
-233.46449
-236.15756
-234.84016
-233.9029
-234.06914
-235.43284
-237.67178
-241.07642
-242.60288
-243.42798
-244.91864
-243.76318
-244.0726
-244.98518
-244.7305
-245.83821
-244.98442
-245.44543
-245.60193
-250.09152
-252.13658
-252.48797
-255.0744
-255.71028
-255.89551
-254.32058
-255.92617
-256.21704
-255.95553
-256.03456
-256.84588
-257.04066
-256.92618