0.94136
0.99872
0.97106
0.90351
0.89009
0.93854
0.91051
0.85627
0.86212
0.86864
0.85091
0.81025
0.81154
0.80527
0.75933
0.75124
0.77796
0.74797
0.72387
0.70039
0.69452
0.66497
0.6593
0.63394
0.63726
0.62809
0.59616
0.58285
0.56176
0.54877
0.5351
0.5373
0.5251
0.51958
0.49659
0.4861
0.48806
0.46564
0.4557
0.43179
0.45278
0.4529
0.4679
0.4235
0.42948
0.43933
0.37129
0.40614
0.38987
0.38221
0.34931
0.35493
0.36009
0.35
0.34584
0.32963
0.39109
0.32353
0.32979
0.28869
0.29742
0.28261
0.26632
0.25802
0.23487
0.29442
0.25225
0.2446
0.22351
0.31177
0.239
0.26038
0.23231
0.22567
0.2475
0.19427
0.21872
0.21227
0.20996
0.16664
0.23302
0.20845
0.1621
0.15467
0.18152
0.13843
0.13886
0.14751
0.15579
0.12442
0.13352
0.15375
0.15193
0.13772
0.12521
0.15389
0.18304
0.11625
0.1534
0.12421
0.07907
0.10467
0.22747
0.14799
0.12089
0.22082
0.21251
0.10556
0.11484
0.1863
0.1744
0.08164
0.12799
0.24868
0.46249
0.08404
0.13146
0.17688
0.05037
0.13819
0.21857
0.23531
0.04858
0.15063
0.23542
0.39185
0.16494
0.17038
0.3744
0.1774
0.29601
0.84389
1.32449
0.21479
0.25042
0.64817
0.0989
0.2497
1.12097
0.58033
0.45471
0.56125
0.54853
0.28179
0.99591
0.86678
0.32791
0.44672
2.4616
0.99595
0.6954
0.90191
17.72603
2.33079
0.82069
2.34872
2.06195
0.91003
2.01042
1.58627
1.32685
7.94735
1.38952
1.44691
3.76753
1.66851
1.75625
4.47013
1.40768
2.77732
1.81184
1.20049
2.88672
2.47704
1.12128
1.47469
9.78412
2.13692
0.7542
1.58465
6.48728
1.93563
0.65932
2.73188
3.06746
1.83514
1.38192
1.05033
1.92133
1.54863
1.91152
0.73861
2.06527
2.87445
0.75774
0.94153
2.29315
0.74503
2.09778
0.17597
0.61521
1.43409
0.75882
0.71813
0.53819
1.50948
0.01392
0.94907
0.57506
0.46071
2.08545
0.80224
1.73551
0.08272
3.42752
1.1264
0.50581
1.48549
0.70629
1.41931
0.2616
1.13556
0.74037
1.7878
0.85227
0.35428
1.13787
0.25832
0.76134
0.58377
1.22011
2.41386
0.79571
0.57748
0.48861
3.98938
0.63767
0.63457
0.86035
1.62448
1.05453
0.48939
1.22626
12.92057
1.40348
1.41483
2.23641
1.01571
1.91688
1.8432
1.10487
0.40752
0.86262
1.49396
0.63057
1.10197
3.84965
1.77517
0.55147
1.30273
3.08259
1.26449
0.34619
0.99637
2.25736
5.32773
0.73836
1.11132
1.71371
2.39276
0.89201
0.96116
2.07591
0.84064
1.32885
1.79518
0.82421
1.69467
2.17243
2.22722
0.41048
1.27081
2.88367
0.60174
0.51175
3.71301
2.10915
0.39273
0.60346
4.79806
1.04215
1.77906
0.49248
1.84035
0.70083
0.60355
0.68486
0.60131
0.98733
0.37036
1.47141
0.23737
1.21804
1.35229
0.27544
0.33685
1.58283
2.67642
0.29562
0.31442
0.70689
0.17167
0.37369
1.22044
0.42043
0.93886
8.51745
0.60579
0.45149
0.63182
0.911
0.49847
0.90385
1.09147
1.33729
0.67386
0.77589
1.43703
0.88624
1.10893
0.57251
1.0453
0.84083
0.66447
1.14298
0.68029
15.28616
2.49826
1.82826
0.43867
0.71368
1.36082
0.47382
0.2932
0.61631
1.29765
0.27967
0.50185
0.68214
1.10645