1.38925
1.39223
1.40023
1.40448
1.40705
1.40687
1.41287
1.41587
1.41749
1.41733
1.41995
1.42273
1.42184
1.42254
1.4228
1.42326
1.42183
1.42426
1.4259
1.4258
1.42611
1.42562
1.42631
1.42654
1.42539
1.42514
1.42714
1.42671
1.42499
1.4245
1.4241
1.42338
1.42366
1.4229
1.42345
1.42246
1.42229
1.42181
1.42155
1.42045
1.41877
1.41663
1.42243
1.42133
1.415
1.42455
1.42037
1.42144
1.42147
1.4192
1.42012
1.4189
1.41873
1.4161
1.41915
1.4181
1.41718
1.41875
1.41933
1.41927
1.4169
1.41767
1.41616
1.41723
1.41379
1.41191
1.41463
1.41223
1.38688
1.41814
1.41208
1.41839
1.41862
1.41537
1.41358
1.41663
1.41593
1.41266
1.41383
1.41572
1.41333
1.41397
1.41513
1.41452
1.41466
1.41077
1.41104
1.41101
1.41246
1.40669
1.40949
1.40572
1.40954
1.40535
1.41229
1.40916
1.40058
1.4103
1.4117
1.40605
1.4063
1.41001
1.40399
1.40278
1.40567
1.41068
1.40911
1.40348
1.4074
1.4101
1.40549
1.40927
1.411
1.39713
1.41158
1.32586
1.3311
1.32301
1.3141
1.24389
1.25301
1.24352
1.24908
1.24242
1.24523
1.23333
1.17719
1.17552
1.15992
1.14775
1.10277
1.15683
1.17412
1.19267
1.20146
1.19093
1.18322
1.21019
1.20833
1.20679
1.14285
1.14089
1.14107
1.15439
1.15648
1.14372
1.15306
1.15916
1.15139
1.1478
1.15901
1.17137
1.19439
1.22068
1.23438
1.25048
1.241
1.29127
1.30788
1.30699
1.33565
1.34795
1.36944
1.37367
1.3751
1.41727
1.42243
1.43872
1.45041
1.46664
1.48345
1.48874
1.50405
1.52781
1.53223
1.5462
1.57364
1.58279
1.58403
1.59794
1.58434
1.57111
1.58623
1.59298
1.59988
1.62384
1.64068
1.63886
1.64557
1.68654
1.69295
1.69019
1.69821
1.64916
1.67655
1.68889
1.65043
1.651
1.68356
1.66819
1.64126
1.6619
1.68282
1.6834
1.69473
1.69171
1.70699
1.732
1.74593
1.73221
1.71509
1.73078
1.72869
1.74674
1.72545
1.74384
1.77122
1.79055
1.77682
1.7993
1.82516
1.82101
1.82361
1.84581
1.8707
1.8535
1.86352
1.8599
1.84739
1.84975
1.84875
1.85801
1.84326
1.84064
1.84376
1.85357
1.8778
1.8742
1.88602
1.87648
1.86884
1.87072
1.87274
1.87594
1.90277
1.90846
1.90632
1.91127
1.93948
1.94045
1.94465
1.94127
1.97467
1.9727
1.9715
1.97211
1.99831
1.99769
2.00293
2.00821
2.01331
2.03162
2.02627
2.03703
2.04892
2.06695
2.06339
2.06571
2.06584
2.08367
2.0895
2.0932
2.08645
2.11236
2.11263
2.11841
2.11837
2.13504
2.14231
2.14256
2.15275
2.15097
2.14147
2.13467
2.13837
2.13533
2.15061
2.1601
2.16087
2.16514
2.18047
2.18786
2.18885
2.19252
2.18561
2.17613
2.17929
2.1707
2.17924
2.20357
2.19614
2.20538
2.22209
2.23405
2.21782
2.19737
2.19201
2.20577
2.192
2.19223
2.18572
2.18283
2.18055
2.17968
2.17876
2.17549
2.16885
2.17252
2.18282
2.17246
2.1641
2.16143
2.16488
2.17275
2.18647
2.19063
2.19123
2.19518
2.18586
2.18391
2.18496
2.18022
2.18225
2.17459
2.17344
2.17081
2.18936
2.19589
2.19416
2.20327
2.2029
2.20037
2.18939
2.19371
2.19173
2.18713
2.18417
2.18469
2.1823
2.17847