0.05395
0.04617
0.04338
0.04296
0.04045
0.03581
0.03452
0.0345
0.03234
0.03041
0.02946
0.02943
0.02806
0.02704
0.02748
0.02666
0.02477
0.02478
0.02467
0.02462
0.024
0.02426
0.0237
0.0239
0.02309
0.02276
0.02329
0.02318
0.02344
0.02338
0.02338
0.02273
0.0227
0.02241
0.02291
0.0229
0.02231
0.02289
0.0229
0.02369
0.02216
0.02174
0.02058
0.02232
0.02166
0.02071
0.02411
0.02164
0.02216
0.02224
0.02392
0.02317
0.02247
0.02277
0.02266
0.02342
0.01945
0.02314
0.02236
0.02518
0.02411
0.02501
0.02619
0.02665
0.02892
0.02278
0.02621
0.02671
0.02916
0.02037
0.02631
0.02379
0.02633
0.02682
0.02418
0.0304
0.0267
0.02723
0.02721
0.03386
0.02397
0.0265
0.03369
0.03493
0.02945
0.03827
0.03775
0.03517
0.03294
0.04093
0.03771
0.03248
0.03249
0.03556
0.03862
0.03117
0.02605
0.04047
0.03037
0.03725
0.05798
0.04333
0.01981
0.0302
0.0366
0.01982
0.02043
0.04088
0.03719
0.02271
0.0241
0.05098
0.03223
0.01655
0.00877
0.04962
0.0314
0.02323
0.08124
0.03022
0.01889
0.01748
0.08384
0.0269
0.01707
0.01022
0.02463
0.02369
0.01076
0.02265
0.01369
0.00468
0.00294
0.01789
0.01518
0.00585
0.03818
0.01487
0.00329
0.00632
0.0082
0.00661
0.00671
0.01292
0.00363
0.00416
0.0109
0.00793
0.00143
0.00353
0.005
0.00381
1.9118E-4
0.00143
0.00402
0.00139
0.00158
0.00348
0.00155
0.00196
0.0023
3.80147E-4
0.00214
0.00204
7.79271E-4
0.00172
0.00162
6.28655E-4
0.00198
9.88739E-4
0.0015
0.00224
9.20768E-4
0.00106
0.00232
0.00174
2.57983E-4
0.00117
0.0033
0.00155
3.79144E-4
0.00127
0.00369
8.83035E-4
7.80048E-4
0.00128
0.00168
0.00221
0.0012
0.00145
0.00117
0.00301
0.00107
7.78722E-4
0.0029
0.00231
9.61378E-4
0.00294
0.00103
0.01225
0.00353
0.00149
0.00278
0.00293
0.00387
0.00137
0.14743
0.00213
0.00348
0.00434
9.62476E-4
0.00247
0.00114
0.02361
5.72575E-4
0.00172
0.00377
0.00127
0.00267
0.00131
0.007
0.00161
0.00245
0.001
0.00207
0.005
0.00154
0.00677
0.0023
0.00299
0.00142
7.13527E-4
0.00217
0.00298
0.0035
4.255E-4
0.00262
0.00263
0.00192
0.00102
0.00157
0.00336
0.00133
1.26003E-4
0.00114
0.00113
7.10084E-4
0.00155
8.10407E-4
8.392E-4
0.00139
0.00377
0.00175
0.00101
0.00237
0.00135
3.81675E-4
8.24818E-4
0.00264
0.00111
4.66597E-4
0.00112
0.0041
0.00141
6.18443E-4
2.59096E-4
0.00187
0.00123
7.97183E-4
5.64629E-4
0.00151
0.00139
6.43129E-4
0.00157
9.86663E-4
7.2603E-4
0.00158
7.58416E-4
5.87779E-4
5.71275E-4
0.00308
9.90835E-4
4.36893E-4
0.00209
0.00245
3.36724E-4
5.87005E-4
0.00313
0.00203
2.53901E-4
0.00116
6.73791E-4
0.00242
6.45797E-4
0.0017
0.00197
0.00173
0.00197
0.00119
0.00313
7.88298E-4
0.00485
9.36028E-4
8.36253E-4
0.00412
0.00339
7.20131E-4
4.22117E-4
0.00383
0.00359
0.0016
0.00656
0.00301
9.18432E-4
0.00266
0.00119
1.30978E-4
0.00183
0.00244
0.00175
0.00121
0.00221
0.00121
9.98998E-4
8.08285E-4
0.0016
0.00138
7.42787E-4
0.00121
9.61379E-4
0.00186
0.00102
0.00126
0.00159
9.23201E-4
0.00155
6.8177E-5
4.14823E-4
5.6562E-4
0.00234
0.00144
7.51475E-4
0.00216
0.00348
0.00165
7.83484E-4
0.00363
0.00202
0.00148
9.11924E-4