-9.1097
-9.37751
-9.68704
-9.97707
-10.23072
-10.49941
-10.81927
-11.11242
-11.36769
-11.6417
-11.92082
-12.19178
-12.435
-12.71948
-12.99303
-13.23466
-13.48092
-13.78505
-14.06764
-14.30182
-14.55064
-14.8129
-15.08652
-15.3337
-15.57484
-15.83944
-16.0948
-16.34465
-16.58329
-16.8551
-17.1138
-17.35856
-17.63636
-17.88844
-18.13815
-18.34323
-18.65295
-18.85124
-19.11098
-19.35104
-19.58855
-19.82847
-20.17608
-20.42433
-20.55225
-20.9479
-21.11651
-21.3949
-21.67153
-21.88984
-22.15798
-22.40107
-22.65671
-22.85792
-23.15155
-23.34393
-23.61078
-23.9132
-24.14455
-24.40657
-24.57196
-24.87757
-25.0831
-25.35565
-25.59663
-25.77554
-26.0935
-26.25119
-25.72856
-26.90859
-26.94815
-27.41674
-27.744
-27.83666
-27.98818
-28.39992
-28.64432
-28.73435
-28.97408
-29.40549
-29.5782
-29.85635
-30.1933
-30.45614
-30.62174
-30.76591
-31.20703
-31.15234
-31.57239
-31.71726
-32.01611
-31.75625
-32.3735
-32.51545
-32.85006
-33.19112
-33.24328
-33.96382
-34.01188
-34.04273
-34.544
-34.75399
-34.86414
-35.12859
-35.69978
-35.39828
-36.22057
-36.35318
-36.67941
-36.81423
-36.76523
-37.22742
-37.2444
-35.56587
-39.03156
-38.60094
-38.80931
-38.50106
-39.08134
-38.16113
-40.38741
-39.83876
-40.51109
-40.39357
-40.21082
-42.01939
-41.70255
-41.3942
-41.06274
-43.45102
-42.62227
-46.96296
-51.18275
-50.56159
-50.83965
-50.53455
-50.37511
-52.76802
-52.21335
-48.83946
-46.68436
-46.54234
-47.59286
-48.37574
-48.83011
-47.11864
-44.26374
-43.04201
-41.77408
-43.28131
-43.4162
-44.59109
-47.252
-50.7712
-51.06518
-52.69803
-53.40314
-57.28304
-58.31604
-58.93711
-62.6948
-63.4729
-65.63039
-68.18903
-67.17679
-70.85803
-68.07544
-69.34496
-69.58703
-69.66188
-69.31583
-68.80513
-69.71135
-73.89846
-75.15346
-75.86675
-78.25041
-75.00819
-75.57713
-76.17067
-70.7969
-69.31577
-70.37365
-67.52095
-66.99168
-70.96292
-71.19897
-66.87982
-67.9806
-71.49375
-69.02487
-67.78044
-70.93927
-68.9659
-73.78516
-76.3035
-75.78162
-72.84995
-75.42014
-78.24216
-76.48183
-74.24397
-78.6428
-82.66787
-86.74106
-85.93144
-87.45962
-91.33407
-94.13068
-93.36403
-96.04064
-100.85086
-99.8687
-101.47793
-100.12637
-103.45723
-107.66007
-109.59698
-110.37416
-112.92295
-115.80956
-116.85783
-118.28481
-121.04699
-120.12326
-119.09784
-119.3907
-117.53684
-113.35232
-112.9703
-112.60071
-110.97891
-106.09808
-107.03528
-105.14575
-103.97234
-108.88674
-107.86451
-105.09386
-103.47198
-102.9746
-101.14636
-98.60688
-99.34244
-102.67538
-99.68569
-99.03058
-100.38537
-102.7248
-99.88814
-101.26131
-100.24859
-101.4534
-101.03915
-101.57866
-97.92256
-100.65806
-101.33426
-102.21354
-98.04725
-99.49691
-102.70931
-98.42739
-99.257
-101.79793
-104.7207
-105.23972
-106.38329
-106.91549
-110.29169
-106.62498
-107.458
-106.68859
-107.01531
-106.23174
-107.45848
-107.10721
-106.3344
-107.51905
-108.10965
-106.05834
-105.40219
-103.98971
-100.93896
-99.50708
-98.84367
-101.33917
-101.09845
-99.50705
-101.17033
-100.99231
-101.17599
-100.8741
-102.18204
-96.92604
-94.64433
-95.48238
-91.05912
-91.77441
-95.71061
-96.052
-92.91601
-95.78563
-99.60774
-100.1797
-99.94743
-97.60793
-100.13361
-101.11448
-101.16665
-100.79934
-101.07078
-101.34147
-100.97344
-98.43825
-102.80528
-101.19185
-104.45739
-105.98345
-104.76251
-102.11388
-100.17472
-99.51334
-100.56731
-100.98669
-100.6954
-100.54037
-100.20103
-97.12524
-95.77487
-95.29712
-91.8842
-91.63815
-90.20261
-87.1473
-86.52651
-89.74068
-89.25751
-87.19794
-88.72664
-88.76934
-84.911
-82.84466
-82.98736
-80.88579
-78.65829
-77.34568
-76.39357
-74.22109
-72.37301