0.05856
0.04937
0.04711
0.04772
0.04451
0.03947
0.03827
0.03884
0.0364
0.03422
0.03428
0.03428
0.03213
0.0312
0.03239
0.03155
0.02937
0.0291
0.03006
0.02979
0.02864
0.02862
0.02869
0.02854
0.02788
0.02804
0.02825
0.02786
0.02741
0.02691
0.02725
0.02666
0.02645
0.02649
0.02833
0.02675
0.02679
0.02823
0.02734
0.02746
0.02566
0.02609
0.02544
0.02685
0.02757
0.02539
0.0285
0.02579
0.02523
0.02662
0.02752
0.02673
0.02617
0.02722
0.02793
0.02706
0.02366
0.02713
0.0264
0.029
0.02715
0.02676
0.0289
0.02792
0.02823
0.026
0.02994
0.02942
0.05993
0.0224
0.03102
0.02444
0.02631
0.02703
0.02676
0.02906
0.02568
0.0284
0.02532
0.02777
0.02105
0.02491
0.02866
0.02757
0.02788
0.0297
0.03115
0.02884
0.02789
0.03151
0.02959
0.03894
0.02752
0.02013
0.01863
0.02527
0.01735
0.02341
0.02101
0.02425
0.02848
0.01891
0.01249
0.0241
0.02352
0.01444
0.01787
0.0344
0.02284
0.0234
0.02864
0.02976
0.02957
0.02086
0.01306
0.01818
0.02523
0.01826
0.03214
0.01291
0.00878
0.02093
0.01242
0.01333
0.01411
0.00838
0.00936
0.01006
0.01406
0.00518
0.00529
0.00504
0.0061
0.0098
0.00942
0.01969
0.00948
0.00845
0.00393
0.01316
0.00813
0.00572
0.07973
0.00443
0.00428
0.01309
0.00529
0.01437
0.00282
0.01683
0.00485
0.00746
0.00145
0.00164
0.00587
0.00443
0.0051
0.00663
0.00321
0.02264
0.00384
7.99069E-4
0.01184
0.01034
0.00157
0.0067
0.01044
0.00184
0.01063
0.01191
0.00953
0.00561
0.00495
0.01129
0.00861
0.00389
0.0045
0.00477
0.00526
0.0035
0.00263
0.00507
0.00378
0.00875
0.00273
0.0016
0.00477
0.00328
0.00492
0.00136
0.00756
0.00628
8.79307E-4
0.00232
0.00252
0.00518
9.42846E-4
0.00843
0.00182
0.00307
0.01462
0.00177
0.00432
0.00369
0.00669
0.00196
0.00182
0.01181
0.00372
0.00542
0.00128
0.00554
0.00198
0.00467
0.00287
0.0018
0.00601
0.00328
0.00815
0.0028
0.00554
0.01067
0.00337
0.00167
0.01693
0.01753
0.00404
0.05818
0.01215
0.01358
0.00438
0.00202
0.01164
0.00418
0.00822
0.00255
0.00993
0.00636
0.00873
0.01742
0.00281
0.00991
0.01007
4.41429E-4
0.0023
0.00843
0.00395
0.00341
0.00854
0.002
0.00452
0.0081
0.00686
0.00338
0.00687
0.00471
0.00134
0.0018
0.00856
0.0036
0.00132
0.00281
0.02658
0.00284
0.002
0.00108
0.00603
0.00292
0.00338
0.0043
0.00293
0.0041
0.00537
0.00351
0.00354
0.0068
0.00592
0.00262
0.00215
0.00358
0.00637
0.00414
0.00256
0.01684
0.00484
0.00187
0.00909
0.00747
0.00748
0.00161
0.0095
0.00111
0.00832
0.00317
0.00281
0.0025
0.00755
0.01128
0.00114
0.00821
0.01089
0.0055
0.00127
0.00846
0.00941
0.00548
0.00454
0.00594
0.00596
0.00542
0.02
0.00604
0.00513
0.011
0.00689
0.0027
4.779E-4
0.0402
0.00423
0.00422
0.01412
0.01057
0.00397
0.0049
0.00716
0.00267
0.00467
0.00813
0.00645
0.00577
0.0203
0.00701
0.00338
0.00706
0.00886
0.00421
2.34268E-4
0.01704
0.00258
0.00651
0.00806
0.0043
0.00495
0.00732
0.03865
0.00299
0.00626
0.0068
0.00879
0.00247