0.92522
0.99512
0.95137
0.86434
0.86005
0.90414
0.87109
0.80627
0.8126
0.81804
0.77512
0.73782
0.75164
0.73975
0.6826
0.67302
0.69531
0.67486
0.6296
0.61397
0.61735
0.59775
0.5776
0.56318
0.5597
0.5406
0.52167
0.51474
0.50969
0.50567
0.48683
0.4856
0.47762
0.46593
0.42583
0.4414
0.43067
0.40044
0.40479
0.39493
0.41423
0.39951
0.40131
0.37314
0.35737
0.3802
0.33309
0.36148
0.36301
0.33839
0.32183
0.32598
0.32756
0.31019
0.29746
0.30248
0.34069
0.29248
0.29625
0.26575
0.28013
0.27998
0.25586
0.26112
0.2548
0.27316
0.23397
0.23525
0.11488
0.30067
0.21488
0.26882
0.24646
0.23734
0.23709
0.21545
0.24102
0.21576
0.23928
0.21535
0.28121
0.23495
0.20182
0.20756
0.20323
0.18889
0.17799
0.19071
0.19491
0.17092
0.18013
0.13607
0.19011
0.25762
0.27544
0.20103
0.29043
0.21257
0.235
0.20204
0.17015
0.254
0.38151
0.19593
0.19862
0.32187
0.25693
0.13241
0.19766
0.19145
0.15539
0.14811
0.14806
0.21067
0.32719
0.23415
0.16741
0.23032
0.12957
0.32234
0.46475
0.19444
0.32425
0.30056
0.28262
0.46781
0.41715
0.38686
0.27552
0.73409
0.71828
0.73098
0.58694
0.36464
0.37665
0.1796
0.37152
0.40916
0.87708
0.26564
0.43261
0.61231
0.04343
0.77463
0.79598
0.26105
0.6514
0.24028
1.22397
0.20276
0.69906
0.45006
2.27201
1.96138
0.54575
0.71481
0.61615
0.46274
0.9465
0.13328
0.76975
3.66568
0.24382
0.27476
1.80838
0.41591
0.26892
1.51084
0.2603
0.23136
0.28841
0.4892
0.54999
0.23583
0.30612
0.67356
0.57374
0.54656
0.49298
0.73586
0.99666
0.51903
0.68995
0.3004
0.96067
1.60788
0.53701
0.79092
0.52339
1.85441
0.33677
0.40561
2.85113
1.08393
0.97549
0.46855
2.57184
0.28971
1.32427
0.77393
0.16306
1.35311
0.54403
0.62446
0.33853
1.1547
1.23136
0.18668
0.58545
0.40089
1.67883
0.3799
1.06212
0.44683
0.72932
1.1437
0.33659
0.61093
0.24461
0.70414
0.35129
0.18118
0.56873
1.13193
0.11204
0.10826
0.46786
0.03262
0.15796
0.14107
0.43737
0.95033
0.16697
0.46228
0.23586
0.76126
0.19194
0.29973
0.2197
0.11038
0.68234
0.19434
0.19228
4.36444
0.82599
0.22695
0.48452
0.55631
0.2202
0.94541
0.41566
0.2321
0.27227
0.55212
0.27019
0.39752
1.38066
1.02151
0.21414
0.51468
1.39133
0.64534
0.06899
0.64227
0.90288
1.65881
0.29503
0.60493
0.52106
0.40506
0.59817
0.42556
0.3246
0.49488
0.49083
0.25406
0.29143
0.65712
0.7977
0.47705
0.2687
0.41363
0.66881
0.10231
0.35683
0.92302
0.18794
0.22817
0.22822
1.05641
0.17812
1.51425
0.20251
0.52805
0.60177
0.67915
0.22396
0.15122
1.48935
0.20426
0.1536
0.30567
1.30878
0.19433
0.17419
0.29866
0.36164
0.27372
0.27177
0.29783
0.08064
0.26613
0.31223
0.14547
0.23325
0.58786
3.323
0.0391
0.36974
0.37023
0.11118
0.14877
0.39586
0.31937
0.21763
0.58199
0.33278
0.19083
0.24164
0.27016
0.07675
0.22339
0.46254
0.22172
0.17738
0.37317
6.64024
0.0912
0.60335
0.23773
0.19171
0.3614
0.31434
0.21208
0.04027
0.5226
0.24927
0.2296
0.17798
0.63298