1.42291
1.42899
1.44042
1.44735
1.44853
1.45139
1.45974
1.46423
1.46438
1.46631
1.46852
1.46981
1.46867
1.47092
1.47214
1.47093
1.47014
1.47333
1.47488
1.47328
1.47267
1.4729
1.47376
1.4731
1.47216
1.47249
1.47234
1.47193
1.47099
1.47166
1.4717
1.47111
1.47199
1.47174
1.47139
1.46925
1.47137
1.46905
1.46918
1.46856
1.46788
1.46731
1.47055
1.47024
1.46586
1.47055
1.46765
1.46838
1.46903
1.46785
1.46822
1.46783
1.46783
1.46624
1.46735
1.46557
1.46591
1.46722
1.46657
1.46675
1.4644
1.46573
1.46449
1.46495
1.46463
1.46279
1.46436
1.46207
1.44389
1.46559
1.46068
1.46557
1.46719
1.4636
1.46138
1.46481
1.46461
1.46116
1.4609
1.46459
1.46294
1.46344
1.4651
1.46527
1.46354
1.46144
1.46503
1.45921
1.46236
1.46037
1.46123
1.45196
1.45859
1.45666
1.45816
1.45973
1.4563
1.46435
1.46086
1.45715
1.46133
1.46063
1.45832
1.45854
1.46368
1.45486
1.4639
1.46201
1.46315
1.46133
1.45674
1.45995
1.45643
1.42777
1.47543
1.46533
1.46466
1.45656
1.46129
1.44466
1.47256
1.4613
1.46712
1.46199
1.45605
1.47717
1.4694
1.46186
1.45412
1.48228
1.468
1.52099
1.57167
1.55973
1.55937
1.55167
1.54589
1.57195
1.56123
1.51605
1.48633
1.48139
1.49086
1.49701
1.49918
1.47577
1.43925
1.42222
1.40487
1.41966
1.41858
1.42933
1.45672
1.4934
1.49367
1.50878
1.51348
1.5529
1.56085
1.56425
1.60136
1.60617
1.62558
1.64902
1.63465
1.66949
1.63677
1.64629
1.64515
1.64231
1.63523
1.62656
1.63222
1.67061
1.67944
1.68282
1.70259
1.66712
1.66911
1.67131
1.61605
1.59864
1.6056
1.57543
1.56748
1.60181
1.60094
1.55779
1.56515
1.59459
1.56904
1.55489
1.58074
1.5601
1.60056
1.6201
1.61246
1.5836
1.60339
1.6252
1.60689
1.58462
1.61981
1.65146
1.68322
1.67316
1.68298
1.71249
1.73268
1.72294
1.7419
1.77835
1.76675
1.77651
1.76201
1.7857
1.81623
1.82824
1.83085
1.84757
1.86684
1.87139
1.87888
1.89679
1.88574
1.87399
1.87256
1.85457
1.81882
1.81247
1.80627
1.79062
1.75046
1.75443
1.73717
1.72541
1.75899
1.74835
1.7249
1.71008
1.7036
1.68747
1.66632
1.669
1.69036
1.66621
1.65893
1.66601
1.68001
1.65735
1.66449
1.65484
1.66075
1.65536
1.65662
1.62891
1.64535
1.64756
1.65115
1.6204
1.62792
1.64729
1.61612
1.61942
1.63412
1.65125
1.65233
1.65752
1.65866
1.67843
1.65206
1.65516
1.64785
1.64767
1.64034
1.64597
1.64146
1.6343
1.63962
1.64115
1.626
1.61972
1.60875
1.58763
1.57673
1.57066
1.58415
1.5807
1.56899
1.57726
1.57425
1.57346
1.56973
1.57574
1.54223
1.52677
1.53006
1.50198
1.5046
1.52626
1.52658
1.50644
1.52164
1.54231
1.54391
1.54084
1.52558
1.5385
1.54245
1.54104
1.53725
1.53713
1.537
1.53325
1.51729
1.54028
1.52957
1.54621
1.55306
1.54459
1.52826
1.51595
1.51075
1.51501
1.51576
1.51263
1.51026
1.50691
1.48876
1.48004
1.47605
1.45635
1.4537
1.44473
1.42719
1.42266
1.43843
1.43462
1.42254
1.42935
1.42834
1.40702
1.39512
1.39474
1.38277
1.37022
1.36243
1.35654
1.34445
1.33407